200 0.000000 0.000900
201 0.000000 0.000900
202 0.000000 0.000900
203 0.000000 0.000900
204 0.000000 0.000900
205 0.000000 0.000900
206 0.000000 0.000900
207 0.000000 0.000900
208 0.000000 0.000900
209 0.000000 0.000900
210 0.000000 0.000900
211 0.000000 0.000900
212 0.000000 0.000900
213 0.000000 0.000900
214 0.000000 0.000900
215 0.000000 0.000900
216 0.000000 0.000900
217 0.000000 0.000900
218 0.000000 0.000900
219 0.000000 0.000900
220 0.000000 0.000900
221 0.000000 0.000900
222 0.000000 0.000900
223 0.000000 0.000900
224 0.000000 0.000900
225 0.000000 0.000900
226 0.000000 0.000900
227 0.000000 0.000900
228 0.000000 0.000900
229 0.000000 0.000900
230 0.000000 0.000900
231 0.000000 0.000900
232 0.000000 0.000900
233 0.000000 0.000900
234 0.000000 0.000900
235 0.000000 0.000900
236 0.000000 0.000900
237 0.000000 0.000900
238 0.000000 0.000900
239 0.000000 0.000900
240 0.000000 0.000900
241 0.000000 0.000900
242 0.000000 0.000900
243 0.000000 0.000900
244 0.000000 0.000900
245 0.000000 0.000900
246 0.000000 0.000900
247 0.000000 0.000900
248 0.000000 0.000900
249 0.000000 0.000900
250 0.000000 0.000900
251 0.000000 0.000900
252 0.000000 0.000900
253 0.000000 0.000900
254 0.000000 0.000900
255 0.000000 0.000900
