0.05	0.01870728	-0.001266479	-0.9897614	-0.003119618	-0.000701208	-0.000956453
0.1	0.017400107	-0.001302083	-0.9904531	-0.004796207	-0.002273084	0.000948055
0.15	0.01715088	-0.000134277	-0.99020996	-0.009015006	-0.00355168	0.000604353
0.2	0.016552734	-0.000140381	-0.99003294	-0.009006997	-0.00593364	0.000351266
0.25	0.01618347	0.001229859	-0.98966368	-0.009445651	-0.005712952	-0.001500309
0.3	0.015579222	0.001226807	-0.98929138	-0.009652423	-0.005963676	-0.002892174
0.35	0.01557617	0.001428223	-0.98890076	-0.006462906	-0.005964782	-0.003568763
0.4	0.014959714	0.001437378	-0.9877533	-0.003054227	-0.005957313	-0.003318515
0.45	0.014785764	0.002603149	-0.98776552	-0.002402133	0.000257269	-0.000482065
0.5	0.014385984	0.002200317	-0.98816224	-0.000216224	0.0002531	-0.000472789
0.55	0.015133666	0.001638794	-0.98776856	-0.001505259	-0.002115663	0.001809565
0.6	0.015301512	0.000274658	-0.989151	-0.00127014	-0.002836955	0.001801549
0.65	0.014727782	0.000250244	-0.98995056	-0.003503971	-0.003081049	0.002707849
0.7	0.014935302	0.000253296	-0.98975524	-0.004402639	-0.007883165	-0.000584696
0.75	0.01572876	0.0002594	-0.9891754	0.002413953	0.002358523	-0.000455879
0.8	0.015893554	-0.000509643	-0.98878782	0.008319305	0.013287713	-0.002872784
0.85	0.016741944	-0.000738525	-0.98876952	0.009283826	0.024468062	-0.003001013
0.9	0.01883545	-0.002246094	-0.98837586	0.012998532	0.028020917	-0.00526382
0.95	0.020596314	-0.003405762	-0.98798524	0.012825687	0.02896013	-0.007800141
1	0.020394898	-0.004595947	-0.98835146	-0.001211309	0.01519499	-0.002448552
1.05	0.024069214	-0.008868407	-0.98833926	-0.006227954	0.004066122	0.003210162
1.1	0.020922851	-0.030001832	-0.98696292	-0.008922236	-0.00335174	0.022570227
1.15	0.018798827	-0.060556031	-0.98676454	-0.007635452	-0.006021303	0.066290792
1.2	0.019320677	-0.086956787	-0.98715822	-0.007236628	-0.005725867	0.097304106
1.25	0.009716795	-0.111471548	-0.98776246	0.003490376	0.004006777	0.11620013
1.3	-0.000772095	-0.124462882	-0.98816224	0.001716752	0.004204739	0.082879098
1.35	0.005499268	-0.10690917	-0.98955688	0.004297069	0.012177375	0.01425078
1.4	0.003598023	-0.084973134	-0.99014892	-0.008926625	0.015824532	-0.05635566
1.45	0.005233765	-0.058337394	-0.99014586	-0.026007928	0.024218232	-0.101488288
1.5	0.027600097	-0.025186158	-0.9891754	-0.038257462	0.024456442	-0.153840388
1.55	0.027841185	0.005749512	-0.98878782	-0.047602966	0.02481631	-0.1143163
1.6	0.041531371	-0.01140136	-0.98876952	-0.040767164	-0.000928738	-0.06823198
1.65	0.042895508	-0.004742426	-0.98837586	-0.021851798	-0.008984566	0.03662254
1.7	0.014422612	-0.00895385	-0.98798524	-0.022429656	-0.010589044	0.094919468
1.75	0.009860234	-0.000979608	-0.98835146	-0.019830192	-0.016746782	0.071048168
1.8	0.018670658	-0.014538569	-0.98833926	-0.004827628	-0.020801147	0.066924812
1.85	0.0172699	0.003417967	-0.98696292	-0.023342614	-0.00662602	0.08406812
1.9	0.006723024	0.012606811	-0.98676454	-0.034400224	0.004543272	0.004967564
1.95	0.016613768	0.032348631	-0.98715822	-0.002621842	-0.004642562	-0.042394088
2	0.013418578	0.039755253	-0.98776246	0.002345787	-0.005851436	-0.045406588
2.05	0.006655884	0.05395203	-0.98737182	0.000963934	-0.002806244	-0.1030145
2.1	-0.000726318	0.088168334	-0.9895355	0.006443694	-0.00619926	-0.188647108
2.15	0.011358644	0.10137329	-0.9903015	0.012958304	-0.018304914	-0.185270753
2.2	0.028598024	0.111062614	-0.99050902	-0.006130778	-0.017137695	-0.210131141
2.25	0.029464724	0.117456034	-0.98990782	-0.014267576	-0.018617753	-0.161143671
2.3	0.034942628	0.12645567	-0.99069214	-0.023408446	-0.018506627	-0.120245761
2.35	0.027304078	0.10621947	-0.98932802	-0.018727695	-0.013885684	-0.031327389
2.4	0.027819824	0.091821276	-0.98835756	-0.030581451	-0.010442552	-0.0172481
2.45	0.02355957	0.063668818	-0.9877533	-0.029593003	-0.010117017	0.018392734
2.5	0.018307494	0.046450808	-0.98776552	-0.000575503	-0.021234723	0.073521404
2.55	0.01887207	0.026049805	-0.98816224	0.005220462	-0.017555691	0.084461411
2.6	0.018096924	0.017016602	-0.98677674	0.006899871	-0.017945505	0.06734481
2.65	0.017236328	0.013674927	-0.98676454	0.014870356	-0.016404847	0.052131743
2.7	0.019113158	0.017733765	-0.98794558	0.019129721	-0.016435548	0.047990189
2.75	0.017703246	0.006314087	-0.98813784	-0.000795967	-0.000723422	-0.000799512
2.8	0.015283202	0.00552063	-0.98775942	0.000413602	-0.000955327	-0.000332148
2.85	0.014859008	0.004937744	-0.98874514	-7.25502E-05	-0.000718841	-0.000332797
2.9	0.014797974	0.003979492	-0.98797608	-0.001034599	0.000226777	-0.000792357
2.95	0.0142334	0.003561401	-0.98894044	-0.003020992	-0.000272258	0.00056557
3	0.015213014	0.003387451	-0.98795166	-0.004010891	-0.003631946	0.001208911
3.05	0.014819338	0.003384399	-0.98796082	-0.005234489	-0.004854036	0.00140758
3.1	0.014620974	0.003582764	-0.98776856	-0.005946058	-0.005845613	0.000685694
3.15	0.01445923	0.004153442	-0.9889435	-0.006432611	-0.006592478	0.000661333
3.2	0.013858034	0.004547119	-0.9881836	-0.005468953	-0.006110961	0.001133661
3.25	0.012899782	0.005105591	-0.98919068	-0.002556835	-0.002294164	0.001646991
3.3	0.013687134	0.004922485	-0.98916626	-0.000288158	-0.000411589	-0.001100073
3.35	0.013494872	0.005111694	-0.9891754	-0.001556925	-0.00039665	0.000743886
3.4	0.013275146	0.004525757	-0.98878782	-0.000842416	-0.001579114	0.001431125
3.45	0.014279174	0.005123901	-0.98876952	-0.000277015	-0.004697406	-0.001370758
3.5	0.014245606	0.004150391	-0.98837586	-0.003958639	-0.007074487	-0.000487306
3.55	0.014447022	0.004550171	-0.98798524	-0.004006794	-0.008485653	0.001350567
3.6	0.015249634	0.004751587	-0.98835146	-0.004747031	-0.006610683	0.001580383
3.65	0.015856934	0.00534668	-0.98833926	-0.003997406	-0.006169822	0.00087991
3.7	0.015979004	0.003604126	-0.98696292	-0.003511489	-0.004771032	0.000880805
3.75	0.01619873	0.004394531	-0.98676454	-0.000785559	-0.003875414	-0.000738469
3.8	0.016217042	0.004779053	-0.98715822	0.001363398	-0.000571304	0.000900212
3.85	0.01543274	0.00456543	-0.98776246	0.005055176	-0.00201978	-0.000257876
3.9	0.015420532	0.004373169	-0.98737182	0.004549809	-0.001565488	0.000422031
3.95	0.014697266	0.00531311	-0.9895355	0.004543521	0.000551591	0.00065709
4	0.014898682	0.004916382	-0.9903015	0.004300651	0.000539702	0.000648425
4.05	0.014297486	0.004705811	-0.99050902	0.001668839	-0.002341979	-0.00079058
4.1	0.013705446	0.004504395	-0.9907135	-0.000032873	-0.002827467	-0.000582953
4.15	0.013726808	0.004296875	-0.99187928	-0.001698635	-0.003076022	-0.001754254
4.2	0.013684082	0.003924561	-0.9903229	-0.002691353	-0.002583022	-0.000372262
4.25	0.013287354	0.004312134	-0.98995058	-0.002214699	-0.001613639	0.000790865
4.3	0.013275146	0.003924561	-0.98975526	-0.001456133	-0.003748931	0.000540052
4.35	0.01425476	0.004736328	-0.9883789	-0.001946062	-0.001117676	0.001251073
4.4	0.0128479	0.004528809	-0.98783264	2.40572E-05	-0.001106829	0.001257847
4.45	0.012869262	0.00491333	-0.98841856	0.002505986	-0.001577878	0.000338093
4.5	0.013674926	0.005111694	-0.98878782	0.002078948	-0.001583787	-0.001287717
4.55	0.0140625	0.004727173	-0.98877256	0.001140275	0.001265757	-0.002425879
4.6	0.014678956	0.004718017	-0.98992004	0.003636952	-0.002302526	-0.003836226
4.65	0.015469362	0.00453186	-0.98989868	0.003154343	-0.003002453	-0.003386033
4.7	0.015649416	0.004150391	-0.98911134	0.000978595	-0.002052642	-0.003853943
4.75	0.015045168	0.003955078	-0.98952638	0.001889625	-0.002728728	-0.00085011
4.8	0.01527405	0.004736328	-0.98993226	0.002375713	-0.004378331	-0.000171278
4.85	0.014257814	0.004141236	-0.98917236	0.00071067	-0.002484985	-0.001553085
4.9	0.014657594	0.004144287	-0.9891754	0.001441343	0.001098741	-0.001056814
4.95	0.014468386	0.005130005	-0.98878782	0.001963193	0.000149548	-0.001759701
5	0.015069582	0.005328369	-0.98876952	0.00110663	-0.000123122	-0.005933531
5.05	0.015252686	0.005334473	-0.98837586	0.000889865	-0.000833255	-0.006407253
5.1	0.015066528	0.005722046	-0.98798524	0.002541149	0.001580669	-0.003834364
5.15	0.015097046	0.006896973	-0.98835146	0.002087025	-0.001042298	-0.004787943
5.2	0.01489563	0.006298828	-0.98833926	0.002332941	-0.003647814	-0.004350702
5.25	0.015078736	0.005517578	-0.98696292	0.00155907	-0.005526292	-0.002292709
5.3	0.014471436	0.004727173	-0.98676454	0.000319085	-0.004563977	-0.001366836
5.35	0.014450074	0.004147339	-0.98715822	-0.001637768	-0.006932901	-0.000707926
5.4	0.014038086	0.002957153	-0.98698122	-0.000959123	-0.004284982	0.001630693
5.45	0.015048218	0.002761841	-0.98836976	-0.002461892	-0.002602484	0.003255794
5.5	0.014645386	0.002761841	-0.98917846	-0.001514924	0.001221859	0.004451107
5.55	0.013656617	0.002551269	-0.98936462	-0.001246318	0.000744343	0.003752534
5.6	0.013659669	0.003140259	-0.9891754	-0.002683513	-0.001170078	0.002801556
5.65	0.013833619	0.00375061	-0.98878782	-0.004345426	-0.003805149	0.001148675
5.7	0.012576295	0.00378418	-0.98876952	0.007993123	-0.001134228	0.00494332
5.75	0.011627197	0.004144287	-0.98837586	0.004373847	-0.003770044	0.0035109
5.8	0.016616822	0.020816039	-0.98798524	0.007320292	-0.009161412	0.012039225
5.85	0.009573366	0.05714417	-0.98835146	0.008132017	-0.01282901	0.027281416
5.9	-0.001937864	0.09972534	-0.98833926	0.007198882	-0.007115864	0.080083127
5.95	-0.014999388	0.120046994	-0.98696292	-0.004898876	-0.005724498	0.076556015
6	-0.034201048	0.131408688	-0.98676454	-0.01172576	0.002762612	0.067337806
6.05	-0.016293324	0.1435669	-0.98715822	-0.013527694	0.007153521	0.025485492
6.1	-0.004675282	0.116696166	-0.98776246	0.000549121	0.01315377	0.00108962
6.15	0.020733654	0.08970948	-0.98737182	-0.001931032	0.00822835	-0.09707708
6.2	0.008709722	0.09064942	-0.9895355	0.000241723	-0.001745252	-0.0686957
6.25	0.022482306	0.1039978	-0.98972472	0.000519575	-0.012683562	-0.015112722
6.3	-0.002050785	0.075711049	-0.99071348	-0.010884619	-0.03759585	0.074142978
6.35	-0.027566533	0.061535635	-0.99033506	-0.038982719	-0.0330027	0.1392786
6.4	-0.040661627	0.032565297	-0.99112242	-0.030655245	-0.036781366	0.22004302
6.45	-0.000167847	0.018331901	-0.9891754	-0.031646172	-0.022117216	0.183843482
6.5	0.006249999	-0.015051269	-0.98878782	-0.011561974	-0.021326894	0.162674742
6.55	0.007885741	0.00045166	-0.98876952	-0.007721478	0.019039864	0.073054282
6.6	0.030767821	-0.002990724	-0.98837586	0.01036664	0.009446134	0.035583348
6.65	0.023806763	0.005560302	-0.98798524	0.011132624	0.021890602	0.043104668
6.7	0.007904054	-0.010354616	-0.98835146	0.014335816	0.010646196	0.114980266
6.75	0.012036134	-0.003793336	-0.98833926	0.015995208	0.00852327	0.116821146
6.8	0.015753174	-0.027386476	-0.98696292	0.023601308	-0.025660748	0.125114206
6.85	0.002438354	-0.053173824	-0.98676454	0.030326222	-0.030794476	0.05638418
6.9	0.004992675	-0.109286486	-0.98715822	0.029461436	-0.044185018	-0.02935394
6.95	0.01092224	-0.136859112	-0.98776246	0.019726488	-0.04121824	-0.1483163
7	0.009756468	-0.143908672	-0.98737182	-0.002091232	-0.04090781	-0.21692834
7.05	0.010113524	-0.133544902	-0.9895355	0.008831524	-0.04308195	-0.22360214
7.1	0.018658447	-0.099389634	-0.9903015	-0.000357647	-0.040711244	-0.171806408
7.15	0.020520019	-0.03869018	-0.99050902	-0.004893478	-0.033663282	-0.129891783
7.2	0.014154052	-0.00248413	-0.99074096	0.003159276	-0.030540842	-0.075443918
7.25	0.009564209	0.006692505	-0.991568	0.012727847	-0.025612458	-0.032077631
7.3	0.004711914	0.004257202	-0.9904419	0.002082019	-0.00272488	0.000464569
7.35	0.006524658	0.003063965	-0.98950806	0.000670131	0.002252826	-0.001580594
7.4	0.006939697	0.004046631	-0.99031066	-0.001024323	0.002008822	-0.002055124
7.45	0.007336426	0.004650879	-0.98972166	-0.002986955	0.00153472	-0.001607712
7.5	0.007736206	0.004855347	-0.98951718	-0.003506084	0.00273564	-0.000442945
7.55	0.008309937	0.004672241	-0.98891904	-0.003538104	0.00488956	0.000733216
7.6	0.00854187	0.005847168	-0.9889221	-0.003578267	0.008949485	0.002157995
7.65	0.009512329	0.005471802	-0.9883148	-0.001882548	0.008719442	0.002627983
7.7	0.009729003	0.005856323	-0.98870238	-0.000411803	0.007769148	0.002395999
7.75	0.009735107	0.006445312	-0.98851318	0.000858553	0.006803432	0.000543117
7.8	0.00977478	0.007214355	-0.9894867	0.000155262	0.002510332	-0.000425408
7.85	0.009371948	0.006420898	-0.99007262	0.000195725	-0.001309989	-0.001848301
7.9	0.008166504	0.005825806	-0.98990172	0.000167837	-0.004869417	-0.000723969
7.95	0.008694457	0.004879761	-0.9879364	0.000674778	-0.0053511	-0.001419761
8	0.009048461	0.003720093	-0.9871399	0.001382163	-0.005817818	-0.00049463
8.05	0.009997558	0.003359986	-0.98555908	0.001163601	-0.002956041	-0.001175506
8.1	0.011172486	0.00357666	-0.98475342	0.001420212	0.0001486	-0.001388721
8.150001	0.011788941	0.004159546	-0.98532716	0.001153928	0.000647057	-0.000240263
8.2	0.011428834	0.004730225	-0.98631286	-0.00126901	-0.000774343	-0.000509445
8.25	0.011071779	0.004904175	-0.9878784	-0.002423558	-0.001258365	-0.002614095
8.3	0.010278321	0.004299927	-0.98848266	-0.002452986	-0.003389653	-0.001476792
8.35	0.008724976	0.004660034	-0.98950196	-0.00175065	-0.005519802	-0.000335418
8.400001	0.008917236	0.004272461	-0.9894928	-0.001239126	-0.004575111	-0.001249607
8.45	0.008743286	0.004449463	-0.99047242	0.000673526	-0.003131317	0.000162261
8.5	0.008560181	0.004437256	-0.99105836	0.001063142	-0.00476314	0.003851544
8.55	0.007580566	0.005218506	-0.9906952	0.002104861	-0.002642282	0.001331194
8.6	0.008563232	0.004641724	-0.9910492	0.002152895	-0.001230636	-0.000506893
8.650001	0.007556152	0.0050354	-0.98991394	0.002884754	-0.001705024	-0.000507238
8.7	0.007159424	0.005236816	-0.98953552	0.002159364	-0.002421863	-0.000749238
8.75	0.006729126	0.00545044	-0.98779906	0.000725012	-0.000768343	-0.001899272
8.8	0.007711792	0.00506897	-0.98777158	0.000181082	-0.000988207	0.000178065
8.85	0.007089234	0.005084229	-0.98623044	-0.000143886	-0.000961441	0.003184249
8.900001	0.008108522	0.004885864	-0.98755796	-0.000357302	-0.000734463	0.002028018
8.95	0.008316041	0.004879761	-0.9881317	0.000154278	0.000209869	0.001113774
9	0.008139039	0.005062866	-0.98891906	0.003575529	0.00236993	0.001142026
9.05	0.007940675	0.004464722	-0.98969726	0.002634301	0.000468519	0.000183736
9.1	0.008374024	0.004840088	-0.99105224	0.001230321	-0.001917881	-0.001707087
9.150001	0.007144165	0.004647827	-0.98953246	-0.000267087	-0.003796775	-0.000123117
9.2	0.007513428	0.003875732	-0.98912962	-0.000274906	-0.006871944	0.000532732
9.25	0.007705689	0.00368042	-0.98912352	-0.002712522	-0.009017546	0.000499622
9.3	0.007122803	0.004852295	-0.9883728	-0.001463183	-0.007597632	-0.000637631
9.35	0.007299805	0.004663086	-0.98778686	0.00097273	-0.003785521	-0.000589609
9.400001	0.008300781	0.004666138	-0.98834534	0.003628816	-0.001154991	0.00037445
9.45	0.008496095	0.004470825	-0.98833924	0.003156742	0.001694201	-0.000296579
9.5	0.00848694	0.004476929	-0.98794862	0.002424747	0.001692979	-0.000300806
9.55	0.009298707	0.004281616	-0.98889466	0.002120697	-0.000666637	0.001989705
9.6	0.009503176	0.003887939	-0.98946534	0.001877264	-0.001380854	0.001981685
9.650001	0.009326174	0.004272461	-0.98986206	-0.000480732	-0.002601164	-0.001050596
9.7	0.008755494	0.005041504	-0.990271	-0.000235406	-0.004504137	-0.001066677
9.75	0.009738161	0.004864502	-0.99004822	0.001026761	-0.004039969	-0.002675213
9.8	0.009512331	0.004879761	-0.9888855	0.001504727	-0.000466251	-0.002408871
9.85	0.009295655	0.00508728	-0.98792114	0.000561366	-0.002857453	-0.003592789
9.900001	0.009451295	0.004321289	-0.98693544	0.000755284	-0.003077918	-0.001742828
9.95	0.009039307	0.003930664	-0.98655702	-0.001177867	-0.000250252	-0.002902831
10	0.008206177	0.002355957	-0.98656618	-0.00463857	-0.002162185	-0.001569099
10.05	0.009085083	0.00369873	-0.98908388	-0.000923917	-0.003538948	0.005131113
10.1	0.007745362	0.004244995	-0.99067996	-0.000227028	-0.004258351	0.006035908
10.15	0.007363892	0.003442383	-0.99223634	0.002690982	-0.005696773	0.006021065
10.2	0.006927491	0.003268433	-0.99049378	0.003841935	-0.008542838	0.008300029
10.25	0.006796265	0.004815674	-0.9916748	0.009192993	-0.008545341	0.008545553
10.3	0.005123901	0.002270508	-0.99053344	0.005460977	-0.009338459	0.001792124
10.35	0.006274414	0.000726318	-0.9902954	0.004233653	-0.008172184	0.001541189
10.4	0.005883789	0.001708984	-0.98877564	0.001784028	-0.004389602	0.001307188
10.45	0.006124878	0.001876831	-0.99071962	0.002540883	-0.002977613	0.000159223
10.5	0.006326294	0.00227356	-0.9905243	0.000814732	0.000579427	0.000397644
10.55	0.00473938	0.003250122	-0.98921204	0.000370734	0.003403324	-0.001677326
10.6	-0.008660889	0.007611083	-0.98824462	-0.004556618	0.006102646	0.008955562
10.65	-0.024526978	0.00644226	-0.99000852	-0.004544068	0.004020715	0.017251349
10.7	-0.048852534	0.009310912	-0.98951108	-0.005145712	0.002382604	0.04845469
10.75	-0.067156978	0.006359862	-0.9897888	-0.007088786	0.001175468	0.047962729
10.8	-0.081005854	0.010626219	-0.99563302	-0.014994234	-0.003896296	0.04230556
10.85	-0.090295396	0.006857299	-0.9917695	-0.0115087	0.001469906	0.05739948
10.9	-0.083636462	0.011953736	-0.98190928	-0.017806659	0.009756153	0.028047342
10.95	-0.06601867	0.013363648	-0.97911692	-0.018435759	0.007002646	-0.012487002
11	-0.053100578	0.01706543	-0.97841502	-0.00779679	-0.013578424	0.000328728
11.05	-0.050222772	0.008221436	-0.9740448	-0.001277304	-0.021159214	0.030137204
11.1	-0.022717286	0.01512146	-0.97828674	0.005070364	-0.012830086	-0.024830416
11.15	-0.01961975	0.01375122	-0.9869049	0.01654604	-0.016992664	0.011282014
11.2	-0.013821409	0.011331178	-0.9891754	0.017154625	-0.05682666	-0.028416342
11.25	-0.004046629	0.011270143	-0.98878782	0.018686119	-0.027791666	-0.058691978
11.3	0.018045047	0.018011475	-0.98876952	0.014306261	0.009571346	-0.114376978
11.35	0.019876101	0.003295899	-0.98837586	0.000993563	0.008280668	-0.127200338
11.4	0.027328493	0.002966309	-0.98798524	-0.007821363	-0.000899854	-0.171075728
11.45	0.046502688	-0.004733277	-0.98835146	-0.009955654	0.013695586	-0.164485208
11.5	0.063717662	-0.004589845	-0.98833926	-0.020890128	0.002448901	-0.147317834
11.55	0.03560792	-0.003082275	-0.98696292	-0.012335294	-0.031634125	-0.001137994
11.6	0.034066782	-0.001211547	-0.98676454	-0.005116239	-0.043360201	0.066807106
11.65	0.057794198	-0.002029419	-0.98715822	0.002556739	-0.039376667	0.081198166
11.7	0.06423341	0.009777833	-0.98776246	0.008974461	-0.003025223	0.096107446
11.75	0.06795959	0.009848024	-0.98737182	0.009662893	0.001518508	0.07045056
11.8	0.086880489	0.00947876	-0.9895355	-0.009665069	0.011722252	-0.06403302
11.85	0.083773799	0.019876098	-0.9903015	-0.001468211	-0.011055468	-0.086905084
11.9	0.059967037	0.019421387	-0.99050902	-0.002590549	-0.008055144	-0.072323995
11.95	0.035653678	0.014260863	-0.98938598	-0.006525974	-0.017305624	-0.043523968
12	0.00991516	0.013552856	-0.98983764	-0.008381696	-0.021583026	-0.019536144
12.05	0.009970092	0.010073852	-0.9879303	0.007914204	-0.023977977	0.000653067
12.1	0.007192993	0.006396484	-0.9876007	0.00091548	-0.001155283	-0.002659186
12.15	0.005725098	0.005636597	-0.98705748	-0.002503428	-0.001379817	-0.002458685
12.2	0.006298828	0.00446167	-0.98742368	-0.00414889	0.001231529	-0.00476784
12.25	0.005914307	0.004449463	-0.98801574	-0.004155953	0.001948879	-0.004530088
12.3	0.007147216	0.004629516	-0.9901245	-0.002956067	0.002910197	-0.003820696
12.35	0.007357787	0.004821777	-0.99050902	-0.002017964	0.002925281	-0.002427256
12.4	0.007366943	0.004815674	-0.99089964	-0.000305275	0.003878625	-0.002640597
12.45	0.006994628	0.00539856	-0.99129942	0.002377721	0.003883404	-0.002625803
12.5	0.007199096	0.005596924	-0.99129636	0.004073094	0.003414793	-0.002158007
12.55	0.005996704	0.006192017	-0.98977658	0.000434656	0.001023537	-0.002894172
12.6	0.006561279	0.005819702	-0.98878782	0.001185928	-0.00040905	-0.003597322
12.65	0.007546997	0.005834961	-0.98856504	-0.000988771	-0.003274136	-0.00432971
12.7	0.007116699	0.004855347	-0.98798826	-0.001741107	-0.001602165	-0.003624642
12.75	0.007479859	0.00428772	-0.98699948	-0.002755001	-0.000876577	-0.00223551
12.8	0.007653809	0.003704834	-0.98660276	-0.001547042	-0.00182201	-0.001774743
12.85	0.006472778	0.003292847	-0.98740842	-0.001539543	-0.003251695	-0.002019176
12.9	0.005883789	0.003283691	-0.987619	-0.000840004	-0.001811812	-0.000845371
12.95	0.006698608	0.004067993	-0.98799132	-0.000341379	-0.004174149	-0.001104767
13	0.006903076	0.003469848	-0.989151	0.000881542	-0.005105094	-0.001115856
13.05	0.007131958	0.004449463	-0.98953858	0.002380468	-0.002923971	-0.00202009
13.1	0.007525635	0.004653931	-0.98914186	0.000933221	-0.000741105	-0.00224656
13.15	0.007162476	0.004626465	-0.99070742	0.001006908	-0.000240913	-0.004562284
13.2	0.006185913	0.004812622	-0.9909302	-0.000414698	0.000748963	-0.005482786
13.25	0.005807495	0.005392456	-0.99094546	-0.001598721	0.001741176	-0.006170479
13.3	0.00579834	0.005001831	-0.9909424	-0.002810772	0.001999568	-0.006173448
13.35	0.006216431	0.005392456	-0.99151308	-0.002830349	0.000629856	-0.004789268
13.4	0.006759644	0.004638672	-0.99012758	-0.001168354	0.000699182	-0.002457213
13.45	0.007736206	0.004058838	-0.99028932	0.000273654	-0.000692609	-0.001298063
13.5	0.00753479	0.003460693	-0.9908722	0.001961218	-0.002059793	0.000102018
13.55	0.007315063	0.002871704	-0.99048768	0.002672633	-0.002952551	0.001501025
13.6	0.008078002	0.002099609	-0.99007568	0.003656179	-0.003166958	0.001512411
13.65	0.007720947	0.003067016	-0.99067686	0.00047438	-0.003598294	0.002432261
13.7	0.006759643	0.003634643	-0.99129026	-0.001250388	-0.003787475	0.00359371
13.75	0.006759643	0.003833008	-0.991098	-0.002423397	-0.000928904	0.002001323
13.8	0.006582641	0.004019165	-0.99187924	-0.001943083	6.8235E-05	0.002724396
13.85	0.005203247	0.004400635	-0.9917236	-0.004379696	-0.003463435	0.003158853
13.9	0.005401611	0.004403686	-0.9917175	-0.00169205	-0.002012362	0.003196221
13.95	0.005383301	0.004019165	-0.99132688	-0.001637129	-0.002228221	0.001593895
14	0.005993652	0.004217529	-0.99189146	-0.002100963	-0.002434577	0.001145625
14.05	0.005987549	0.004019165	-0.99189146	-0.003988523	-0.001723631	-0.001157903
14.1	0.006402588	0.00440979	-0.99227294	-0.002243845	0.001143421	-0.002496157
14.15	0.006765747	0.004232788	-0.9909027	-0.002444941	-0.002180617	-0.003901468
14.2	0.006741333	0.004248047	-0.98973692	-0.00030372	-0.00025321	-0.002016445
14.25	0.00592041	0.003860474	-0.98878782	0.00134913	-0.001417213	-0.000158315
14.3	0.005892944	0.00328064	-0.9882019	0.001541799	-0.003300789	0.001680472
14.35	0.006454468	0.002310181	-0.98779296	0.002285898	-0.003299566	0.00099775
14.4	0.00668335	0.002493286	-0.98914794	0.003250602	0.001944466	0.001057941
14.45	0.007479858	0.002694702	-0.98912964	0.001112077	0.000260455	-0.001275739
14.5	0.007485962	0.002890015	-0.98912964	0.003565807	0.005259717	-0.002135792
14.55	0.009594727	0.001174927	-0.98769836	0.010591548	0.011001005	-0.000649968
14.6	0.020513917	0.001885986	-0.98798828	0.019962935	0.021058802	0.004355146
14.65	0.025213623	-0.000411987	-0.98803712	0.020024847	0.016844099	0.01103312
14.7	0.049783324	-0.001315316	-0.98872986	0.019281411	0.01438413	-0.025083328
14.75	0.07137757	0.002310173	-0.98409424	0.012490053	0.009122935	-0.053857452
14.8	0.09996033	0.004589836	-0.98353882	0.002317027	0.010197745	-0.065930248
14.85	0.103942874	0.006607048	-0.98322144	-0.006270001	0.015360597	-0.073560834
14.9	0.108438114	0.016851799	-0.98335876	-0.012584715	0.01629581	-0.074741414
14.95	0.08679505	0.007019043	-0.9834259	-0.018675236	0.02987733	0.006338066
15	0.069110106	-0.006933595	-0.98761596	-0.02560651	0.016277165	0.055697946
15.05	0.04187012	-0.00956421	-0.9891754	-0.020458823	0.033739505	0.090598796
15.1	0.026101687	-0.016818238	-0.98878782	-0.018032283	0.037885941	0.127214832
15.15	0.019680789	-0.024932863	-0.98876952	-0.009035733	0.052983112	0.136894902
15.2	0.009771731	-0.01543274	-0.98837586	0.004391267	0.016985836	0.128090802
15.25	0.020974733	-0.008218384	-0.98798524	0.008000727	0.052923848	0.10160594
15.3	0.013516235	-0.005307007	-0.98835146	0.007395178	0.011000512	0.09775716
15.35	0.024371338	-0.004562377	-0.98833926	-0.006539136	-0.039635492	0.05420034
15.4	0.018850708	0.000924684	-0.98696292	-0.012631098	-0.022841636	0.044155428
15.45	0.029797362	0.003256227	-0.98695376	-0.016498934	0.000847584	0.033022628
15.5	0.02206726	0.005026246	-0.9883362	-0.01555361	-0.007315024	0.052184966
15.55	0.022387696	-0.004794311	-0.98856202	-0.012932094	0.009901434	0.035491278
15.6	0.008895874	-0.004141235	-0.98895874	-0.008710124	0.063575114	0.049437002
15.65	0.004299926	-0.013510131	-0.9891754	-0.01136533	0.017771966	0.04000285
15.7	0.004330444	-0.010803222	-0.98878782	-0.013451682	-0.010065434	-0.00929427
15.75	-0.020108032	-0.010644531	-0.98876952	-0.010035392	-0.040615812	-0.017877154
15.8	-0.023965454	-0.000424194	-0.98837586	-0.016182226	-0.05015991	-0.016150908
15.85	-0.028713988	0.004083252	-0.98798524	-0.007733294	-0.078228012	-0.01242936
15.9	-0.028286742	0.005459594	-0.98835146	0.002704476	-0.059657374	-0.01105528
15.95	-0.031637572	0.001837158	-0.98833926	0.001959265	-0.028596036	0.006543768
16	-0.019366454	0.001193237	-0.98696292	0.004427098	-0.009611415	0.004604966
16.05	-0.028417968	-0.007098388	-0.98676454	0.006520053	0.007052967	0.007742544
16.1	-0.038851928	-0.001229858	-0.98715822	0.007112707	0.014135864	0.030683772
16.15	-0.030310058	0.001434327	-0.98776246	-0.003833627	0.008449379	0.038405266
16.2	-0.029031372	0.000720216	-0.98737182	-0.001859811	0.003516096	0.046691045
16.25	-0.022415162	0.002929688	-0.9895355	0.001372688	0.004207844	0.044401295
16.3	0.026095582	-0.010601816	-0.9903015	0.003423083	-0.023852242	0.018325081
16.35	0.04559021	-0.017059335	-0.99050902	0.003724557	-0.019837994	-0.011253821
16.4	0.045141602	-0.017419443	-0.99010924	0.008721322	-0.020583573	-0.015629256
16.45	0.044064332	-0.016513071	-0.99266052	0.005804006	-0.017973146	-0.016084627
16.5	0.044613648	-0.016473398	-0.99089966	0.002411585	-0.022743344	-0.016841032
16.55	0.01432495	0.004299927	-0.99207154	0.001371293	-0.001678613	-0.001003649
16.6	0.014694212	0.003729248	-0.99127502	-0.001988689	-0.007646771	-0.002927637
16.65	0.014102172	0.003311157	-0.99226074	-0.001046508	-0.004298437	-0.001735355
16.7	0.013867188	0.002938843	-0.99090576	-0.000538823	-0.005012948	-0.002433273
16.75	0.013674928	0.002737427	-0.9914856	-0.00179113	-0.002618869	-0.001261769
16.8	0.013442994	0.002954102	-0.9897461	-0.001114604	-0.002593277	0.000824422
16.85	0.013290406	0.003723145	-0.99072878	-0.002916097	-0.001132321	0.00429823
16.9	0.013278198	0.00413208	-0.98956302	-0.002116161	-0.00067442	0.001761548
16.95	0.01368408	0.004727173	-0.9891663	0.001046929	0.001477503	0.002029813
17	0.013525388	0.005291748	-0.99034428	0.002770507	0.00240352	0.001086958
17.05	0.01332092	0.005093384	-0.99035038	0.002563289	0.000939797	-0.000582409
17.1	0.013088988	0.004711914	-0.98937992	0.003391523	0.00207444	-0.004536341
17.15	0.013098144	0.004904175	-0.98957828	0.002179896	-0.002237052	-0.005080203
17.2	0.012670898	0.004125977	-0.98919374	0.00020895	-0.003447323	-0.004674646
17.25	0.013031006	0.003564453	-0.9880127	-0.001746234	-0.006303294	-0.004480148
17.3	0.01385193	0.00355835	-0.98915406	-0.001079508	-0.004161034	-0.002406675
17.35	0.013684082	0.0037323	-0.9905243	9.69362E-05	-0.00583236	-0.001059069
17.4	0.013479614	0.003338623	-0.9907196	0.0010761	-0.003950534	-0.001531523
17.45	0.013308716	0.003515625	-0.99169618	0.000144396	-0.004239845	-0.00367361
17.5	0.01291809	0.00369873	-0.9919037	0.000375138	-0.003080543	-0.003713607
17.55	0.012326048	0.00447998	-0.99134216	-0.001336616	-0.003807711	-0.003749561
17.6	0.012719726	0.004489136	-0.99094238	-0.001620743	-0.003818141	-0.00263266
17.65	0.013696288	0.004507446	-0.99013978	-0.003648985	-0.004770915	-0.000145617
17.7	0.013702392	0.004705811	-0.99013978	-0.0020439	-0.003563788	0.003315035
17.75	0.012927246	0.004489136	-0.99132386	0.000148267	-0.002389337	0.003076451
17.8	0.012289429	0.003320313	-0.99055482	0.002340503	-0.001215091	0.002837917
17.85	0.012112427	0.003106689	-0.9919159	0.004064705	-0.000759193	0.00190449
17.9	0.011145019	0.003283691	-0.99291382	0.00507625	-0.000786639	0.000268634
17.95	0.010925292	0.003088379	-0.99234008	0.00628428	0.000876408	0.00051162
18	0.011102294	0.002905273	-0.99136048	0.005094415	0.000849325	-0.000903422
18.05	0.011724853	0.003494263	-0.99193116	0.003923829	0.000102038	-0.003019035
18.1	0.011700439	0.003509521	-0.99076538	0.001973143	0.001995573	-0.003253875
18.15	0.011895753	0.003707886	-0.99037476	0.000726004	0.004608283	-0.002560929
18.2	0.012472536	0.003329468	-0.98996582	-0.001199936	0.003394957	-0.003757551
18.25	0.012664798	0.003930664	-0.98919066	-0.002184674	0.003153467	-0.003542011
18.3	0.012673952	0.004321289	-0.98919372	-0.001754054	0.005067617	-0.001687246
18.35	0.01350403	0.004702759	-0.9905365	-0.002234431	0.003865186	-0.002179584
18.4	0.014099122	0.004519653	-0.99051818	-0.002491127	0.000533887	-0.001756433
18.45	0.014123536	0.004708862	-0.99129638	-0.00314128	-0.000453483	-0.005023229
18.5	0.014904786	0.004129028	-0.99127198	-0.00340342	-0.000692693	-0.004579072
18.55	0.015280154	0.00375061	-0.99067384	-0.002647509	-0.003557694	-0.005533555
18.6	0.014831546	0.002984619	-0.9891266	-0.002439637	-0.004025663	-0.004392601
18.65	0.014053348	0.003552246	-0.98954164	1.78296E-05	-0.002367062	-0.005302225
18.7	0.01464844	0.003753662	-0.98933412	0.000446754	-0.001634376	-0.003216456
18.75	0.014038088	0.003356934	-0.98915406	0.003069759	-0.002088558	-0.00113445
18.8	0.013085938	0.004309082	-0.99016114	0.000599228	-0.000181051	-0.000216189
18.85	0.01312561	0.004684448	-0.99151916	0.000391548	-0.001859912	-0.001626021
18.9	0.012927246	0.004684448	-0.9913269	-0.000364441	-0.000902242	-0.000936564
18.95	0.012869262	0.004129028	-0.98918762	0.000366234	0.001953476	-0.001147309
19	0.012286376	0.004510498	-0.98939818	-0.003784888	0.001710698	-0.001179499
19.05	0.011883544	0.004907227	-0.98863218	-0.006410541	-0.005212925	-0.00334626
19.1	0.011785888	0.008416748	-0.9892456	-0.017221991	-0.013531066	-0.000480844
19.15	0.010498046	0.01755066	-0.99284354	-0.025031025	-0.021870209	-0.00037148
19.2	0.005776978	0.015289307	-0.9972258	-0.027393958	-0.028168303	-0.012478905
19.25	0.001480102	0.002883911	-1.01435832	-0.04021792	-0.016252866	-0.035119876
19.3	-0.002008057	0.004595947	-1.04401218	-0.034023634	0.020286568	-0.048872345
19.35	0.020745841	-0.003640747	-1.1078794	-0.059016974	0.035973956	-0.100008211
19.4	0.023254385	-0.007461549	-1.1466642	-0.036869678	0.077035502	-0.090029934
19.45	0.031686391	-0.019949342	-1.1943632	-0.06474474	0.084559812	-0.069757424
19.5	0.041900625	-0.013534546	-1.2203794	-0.045852296	0.059754756	-0.000465624
19.55	0.046658316	-0.027658082	-1.2273466	0.007876688	0.062462216	0.079220342
19.6	0.01156616	-0.021780397	-1.1828458	0.106312708	0.09996657	0.183070422
19.65	0.01245117	-0.025616457	-1.1633512	0.129361126	0.14421109	0.150278764
19.7	0.02731018	-0.003326417	-1.1185972	0.212810066	0.21013082	0.05716636
19.75	0.048825078	0.015325927	-1.073828	0.25429594	0.34164554	-0.09204122
19.8	0.082315062	0.035104371	-1.01339102	0.2622135	0.43397248	-0.25312846
19.85	0.124188238	0.02989197	-0.95624688	0.26718546	0.47777712	-0.3577515
19.9	0.136904914	0.021762088	-0.87362974	0.33656134	0.4778642	-0.333764954
19.95	0.146563734	-0.00999755	-0.81386108	0.34361022	0.403523068	-0.239996604
20	0.137228394	-0.041204826	-0.75538636	0.35814178	0.243336388	-0.113877784
20.05	0.128222654	-0.076187122	-0.74468996	0.284494304	0.064000948	-0.037938044
20.1	0.119119254	-0.095196514	-0.73916628	0.276576944	-0.125575632	0.052619316
20.15	0.121548452	-0.117797832	-0.77704164	0.18215798	-0.196384936	0.02715749
20.2	0.106234724	-0.122503652	-0.80832826	0.18021012	-0.246028584	0.037339802
20.25	0.110601804	-0.13219298	-0.84799196	0.116640934	-0.222621914	-0.021803278
20.3	0.108496104	-0.134317	-0.87272034	0.136112442	-0.173085924	-0.021245738
20.35	0.118600484	-0.14234008	-0.909906	0.082140558	-0.08608018	-0.075824824
20.4	0.126800552	-0.14242552	-0.92290344	0.069762832	-0.094994918	-0.059777696
20.45	0.13845826	-0.14630124	-0.94433288	-0.002384086	-0.024226028	-0.091235494
20.5	0.14276428	-0.14408566	-0.9578369	0.00606934	-0.008147214	-0.051939032
20.55	0.14369202	-0.1467468	-0.96731872	-0.005894298	-0.002199474	-0.0244173
20.6	0.13408202	-0.1455322	-0.97088928	-0.012365414	0.02028676	-0.011060606
20.65	0.13201904	-0.14682006	-0.97773742	-0.021278309	0.014369432	-0.006073492
20.7	0.12926942	-0.14388428	-0.97550048	-2.79052E-05	-0.005667718	0.011679058
20.75	0.12709352	-0.14768982	-0.98000488	-0.005905381	-0.010511668	0.003503994
20.8	0.127417	-0.14525146	-0.9737915	0.011518595	-0.015757582	-0.000148792
20.85	0.12868348	-0.14654846	-0.96947326	0.014775527	-0.021256087	-0.00318862
20.9	0.12941896	-0.14690246	-0.96712342	0.027929255	-0.013377511	-0.002581402
20.95	0.12999878	-0.14967346	-0.96980896	0.016579723	0.001235949	-0.016394824
21	0.12850342	-0.1512146	-0.96672668	0.019291033	0.011938513	-0.017671102
21.05	0.12394104	-0.15325318	-0.9687805	0.001108301	0.032261317	-0.031469162
21.1	0.12585144	-0.15437622	-0.96658324	-0.006181546	0.024158382	-0.032275686
21.15	0.12410278	-0.1538208	-0.96760252	-0.025403352	0.02840308	-0.034193246
21.2	0.1271759	-0.1494751	-0.96716002	-0.029332572	0.005809872	-0.032567272
21.25	0.13032226	-0.14637146	-0.97176512	-0.037002732	0.009805594	-0.0376624
21.3	0.13595276	-0.14516602	-0.97414856	-0.035119744	-0.00373007	-0.034766994
21.35	0.13885804	-0.14322816	-0.97797546	-0.025534394	0.001341166	-0.028420807
21.4	0.14078674	-0.14138184	-0.97326964	-0.004132988	0.013377624	-0.017087033
21.45	0.14034424	-0.1437439	-0.97384948	-0.00643697	0.030544938	-0.013473911
21.5	0.1401123	-0.14312746	-0.97133178	0.004855904	0.024042514	0.002263273
21.55	0.13927916	-0.14509584	-0.9717285	0.002063342	0.023920914	0.015435127
21.6	0.13556822	-0.14199526	-0.97087706	0.005740248	0.024872884	0.014769873
21.65	0.13955688	-0.14594118	-0.97657164	-0.006736264	0.013362044	0.007191784
21.7	0.13810424	-0.14670716	-0.97427366	0.00650367	0.011620908	0.022983302
21.75	0.13943176	-0.14883728	-0.9738342	0.007089006	0.020630391	0.0191348
21.8	0.138031	-0.14666138	-0.97077634	0.014934698	0.020711553	0.026814762
21.85	0.13853454	-0.14917908	-0.9693817	0.010747428	0.031663432	0.028047845
21.9	0.13349914	-0.14739686	-0.96370238	0.017478521	0.03908203	0.031623498
21.95	0.13483886	-0.14596558	-0.9599823	0.008803849	0.03513998	0.018582694
22	0.1366272	-0.14754334	-0.96225586	-0.008977625	0.024549295	0.008670316
22.05	0.14498292	-0.14846496	-0.96494446	-0.011339661	0.020636569	-0.003175346
22.1	0.15097352	-0.14922484	-0.96788634	-0.009593923	0.021586487	-0.004542213
22.15	0.15761414	-0.14961242	-0.97295532	-0.013822876	0.01114803	-0.001186815
22.2	0.15844118	-0.15061646	-0.97565002	-0.003602136	0.021972934	0.008688691
22.25	0.1543976	-0.15021058	-0.97129212	0.01306795	0.026429031	0.023864093
22.3	0.1490082	-0.15103762	-0.97026062	0.008025482	0.035205097	0.02067931
22.35	0.15003664	-0.15184328	-0.97295534	-0.008444752	0.028162807	0.007338532
22.4	0.15297548	-0.15138856	-0.97093508	0.009667756	0.030792748	0.005152496
22.45	0.15811464	-0.14973146	-0.9684723	0.011857598	0.03357302	-0.003831557
22.5	0.16127016	-0.14829102	-0.96606446	0.007707426	0.047288982	-0.013214613
22.55	0.1675934	-0.1460205	-0.96260988	0.003039142	0.051966244	-0.021297527
22.6	0.16612856	-0.148172	-0.96127014	0.008958934	0.05663646	-0.005720905
22.65	0.16391908	-0.14897462	-0.96073912	0.001061338	0.057045212	-0.011546458
22.7	0.16548462	-0.15013428	-0.96088256	-0.001539068	0.041070512	-0.014250857
22.75	0.17218322	-0.14924012	-0.95798644	0.0082967	0.030589404	-0.016836397
22.8	0.173645	-0.14523928	-0.93814696	0.031189862	0.02548601	-0.006112305
22.85	0.17777098	-0.13318178	-0.9039093	0.020465164	0.042279024	-0.015969137
22.9	0.1824829	-0.122308358	-0.87062074	-0.043776858	0.061877608	-0.02262707
22.95	0.17858582	-0.111401376	-0.8426178	-0.139322908	0.076541042	-0.017240258
23	0.17539978	-0.109033216	-0.83902588	-0.26102552	0.079120466	-0.027842204
23.05	0.17976686	-0.094531254	-0.84115296	-0.33475809	0.03825502	-0.006874643
23.1	0.18013612	-0.092242434	-0.87478638	-0.4077824	0.024276536	-0.012962283
23.15	0.17543946	-0.070190432	-0.88964234	-0.39124928	-0.01827408	0.017283743
23.2	0.17543946	-0.056921388	-0.92122498	-0.36110034	-0.018444926	0.020917742
23.25	0.18827516	-0.030755614	-0.93564454	-0.31681926	-0.054911236	0.035175966
23.3	0.18420716	-0.0335083	-0.96217042	-0.32694326	-0.024511222	0.029842046
23.35	0.1837677	-0.008825682	-0.95982972	-0.232318442	-0.009431278	0.076317748
23.4	0.1813141	-0.012503051	-0.9697876	-0.18819975	-0.004181774	0.123117728
23.45	0.1878418	-0.012615967	-0.96922304	-0.116850682	-0.055168478	0.18390462
23.5	0.16507568	-0.023370361	-0.96451112	-0.035800108	-0.068206418	0.25503904
23.55	0.16543274	-0.013061523	-0.96943056	0.046466814	-0.149145672	0.2915512
23.6	0.15374452	-0.023928833	-0.98229992	0.035210442	-0.227349572	0.30373616
23.65	0.15436708	-0.029293824	-1.01781926	-0.01161153	-0.24220408	0.221431694
23.7	0.13238527	-0.02749939	-1.02619628	-0.031045646	-0.23173508	0.145293646
23.75	0.13691103	-0.007073976	-1.0384674	-0.052283258	-0.203172392	0.017711626
23.8	0.115802018	0.00481262	-1.0391174	-0.08725716	-0.161739012	-0.05291006
23.85	0.112167378	0.00706787	-1.0427306	-0.133143526	-0.127805854	-0.13499824
23.9	0.076434336	0.016433716	-1.029367	-0.099333218	-0.136115954	-0.085601754
23.95	0.082632446	0.024087524	-1.032367	-0.12661099	-0.156803494	-0.105145826
24	0.062997436	0.012673951	-1.0355286	-0.125368708	-0.181136722	-0.032705896
24.05	0.065023802	-0.003103637	-1.0462464	-0.115154176	-0.169547022	-0.04110573
24.1	0.066217022	0.000485229	-1.042157	-0.041434696	-0.18372904	-0.015142116
24.15	0.081259138	-0.001119996	-1.043103	-0.003164564	-0.17225108	-0.014363216
24.2	0.074661246	0.00043335	-1.038623	0.043965314	-0.139444864	0.001235364
24.25	0.081149284	0.011611939	-1.0420288	0.062953006	-0.097699678	-0.016560184
24.3	0.071551506	0.025668337	-1.02216794	0.085754292	-0.154880698	-0.001218838
24.35	0.046551514	0.018109133	-1.01092834	0.059768428	-0.151858198	0.0215711
24.4	0.0506958	0.028106692	-0.99863898	0.047337714	-0.160931838	-0.005883274
24.45	0.036056519	0.023083498	-0.99627686	0.031303086	-0.185951214	0.019483906
24.5	0.019403077	0.018389894	-0.98250122	0.01651489	-0.211144096	0.025651608
24.55	0.013375855	0.012014771	-0.98572998	0.005659898	-0.125618128	0.037242546
24.6	0.018429565	0.020227051	-0.99012146	0.01451736	-0.100965128	0.02478931
24.65	0.005133056	0.008291626	-0.99350586	-0.00474256	-0.065544183	0.023383766
24.7	0.008114623	0.009115601	-0.99284668	0.001182628	-0.020909051	0.010632892
24.75	0.013708495	0.001327515	-0.99458618	0.009824788	0.000721075	0.006249457
24.8	0.01328125	0.001345825	-0.993042	0.009853567	0.008085701	0.004927907
24.85	0.013442994	0.000576782	-0.99225466	0.004231554	0.011886138	0.00516233
24.9	0.01465149	0.001965332	-0.9916504	0.007363466	0.009916879	-0.002473929
24.95	0.01307068	0.001947022	-0.99188844	0.005368992	0.007309713	-0.000889239
25	0.010729982	0.004678345	-0.99041444	-0.001007442	0.003028085	0.000424598
25.05	0.011669924	0.003128052	-0.98979798	0.000189267	-0.002918467	0.001303872
25.1	0.01105652	0.002737427	-0.98923034	0.001425668	-0.004356952	0.000604644
25.15	0.011059572	0.002545166	-0.9894226	-0.001034572	-0.005550864	0.001275344
25.2	0.010250856	0.002142334	-0.98924866	0.000914532	-0.006267968	0.001280746
25.25	0.009890748	0.002905274	-0.99023438	0.002122499	-0.003652153	0.001543652
25.3	0.009552002	0.003463745	-0.9921875	-0.000304798	-0.001992879	0.001082399
25.35	0.009735108	0.002874756	-0.99237062	-0.001276064	0.000860407	0.000871471
25.4	0.009719848	0.003076172	-0.99159548	-0.00075736	0.002041446	-0.000271893
25.45	0.009765624	0.003845215	-0.9927643	-0.000964536	0.003219092	-0.001650636
25.5	0.010342406	0.003668213	-0.9921631	-0.002165263	0.00321123	-0.002351565
25.55	0.009884643	0.002511597	-0.9906128	0.000519038	0.00226373	-0.002345383
25.6	0.009320068	0.004074097	-0.99025268	-0.000197915	0.000116696	-0.002831768
25.65	0.009143066	0.003265381	-0.99199828	0.002228486	0.001077191	-0.002346967
25.7	0.009533692	0.003277588	-0.99159544	-0.000658758	-0.001557301	-0.00377533
25.75	0.008737183	0.003070068	-0.9916168	-0.000448659	-0.004875971	-0.002416109
25.8	0.008959961	0.003848266	-0.99200438	-0.00311323	-0.004409894	-0.003120885
25.85	0.009164429	0.003448486	-0.99277038	-0.002875492	-0.004168999	-0.002885994
25.9	0.009368897	0.004638672	-0.99180604	-0.004074291	-0.00655689	-0.003608563
25.95	0.008734131	0.004055786	-0.99085084	0.000971479	-0.003905648	-0.000780084
26	0.009344482	0.00425415	-0.99122316	0.001977247	-0.002962217	-0.001923019
26.05	0.009130859	0.00406189	-0.99064944	0.001954278	-0.003676898	-0.001232776
26.1	0.009692383	0.003295899	-0.98985292	0.002625623	-0.003901901	0.000854028
26.15	0.008486939	0.003289795	-0.98910522	0.001888167	-0.002957861	0.00086128
26.2	0.008728028	0.003863526	-0.99026794	0.000870971	-0.00342964	0.002242405
26.25	0.009109496	0.003677368	-0.98986816	-0.001305872	-0.001782041	0.001322556
26.3	0.008728027	0.003866577	-0.99026488	-0.001281581	-0.001075883	0.000403484
26.35	0.009722899	0.003482056	-0.9908203	-0.001531047	-0.002025849	0.000624772
26.4	0.011114501	0.002700806	-0.99194336	-0.000113801	0.00132378	0.002282616
26.45	0.01149597	0.002719116	-0.99115602	-0.000557018	0.002015153	0.000438551
26.5	0.011499022	0.003115845	-0.9907715	0.000671258	0.001531506	-1.86324E-05
26.55	0.012719726	0.003500366	-0.9919098	0.002392908	0.001760656	-0.000697987
26.6	0.010757447	0.00406189	-0.992157	0.0004773	0.002926731	-0.002312767
26.65	0.009979248	0.005038452	-0.99160158	-0.003129537	-0.000436426	-0.0044409
26.7	0.009973144	0.005233765	-0.99121704	-0.006038363	-0.002828188	-0.005171276
26.75	0.009381104	0.005426026	-0.99123228	-0.008475275	-0.003310735	-0.005416718
26.8	0.008538818	0.005053711	-0.98930662	-0.007815533	-0.003763435	-0.002868127
26.85	0.009484863	0.004296875	-0.98811338	-0.005626888	-0.005185453	-0.002635502
26.9	0.009866334	0.003713989	-0.98809812	-0.003216251	-0.004695833	-0.001687592
26.95	0.009661867	0.002920532	-0.98887328	-0.0007629	-0.00326872	-0.002350635
27	0.010073853	0.00310669	-0.98944702	0.001179568	-0.001834187	-0.002093159
27.05	0.010510255	0.003686524	-0.99060364	-0.002440019	-0.000423727	-0.003715312
27.1	0.010940553	0.00406189	-0.99195556	-0.003639201	0.001234806	-0.004627586
27.15	0.010144043	0.00366211	-0.99216918	-0.001926674	0.001237131	-0.00484713
27.2	0.010140991	0.004058838	-0.99158934	-0.002209301	0.000301135	-0.003463502
27.25	0.010116578	0.003485107	-0.9910034	-0.002935943	-0.001126218	-0.00370642
27.3	0.009506226	0.003091431	-0.9908203	1.41806E-05	-0.000175302	-0.004604083
27.35	0.008712768	0.003881836	-0.989682	0.000243166	0.00078612	-0.00412503
27.4	0.009118652	0.003677368	-0.990448	-2.32216E-05	0.002938772	-0.003406442
27.45	0.009121704	0.003878784	-0.99025574	0.000473336	0.005558673	-0.003835867
27.5	0.009320069	0.004074097	-0.99005738	0.001934008	0.007470131	-0.003803557
27.55	0.010293579	0.003890991	-0.98945314	0.001372154	0.005595434	-0.001040168
27.6	0.010287476	0.00329895	-0.98983766	0.002109853	0.005124918	-0.001263869
27.65	0.01050415	0.004483032	-0.98945008	0.002841782	0.004418634	-0.001258442
27.7	0.010717773	0.00447998	-0.99002382	0.000884733	0.003469691	-0.001042171
27.75	0.010714721	0.00428772	-0.99002076	0.000389739	0.004669392	-0.000793533
27.8	0.010311889	0.004092407	-0.9898346	-6.64672E-05	0.003952616	-0.001950299
27.85	0.011114502	0.004489136	-0.99000856	0.000668733	0.000388361	-0.001973825
27.9	0.011087037	0.003512573	-0.98980714	-0.000532884	0.002293576	-0.002647725
27.95	0.011682129	0.003121948	-0.9901764	0.000983277	0.000384367	-0.004498147
28	0.010882568	0.003118896	-0.9898102	0.001181134	-0.00268762	-0.002669184
28.05	0.010525513	0.003884887	-0.99079592	0.001012555	-0.001274107	-0.005423845
28.1	0.010513305	0.003497314	-0.9906006	-0.000444363	0.000636455	-0.005635819
28.15	0.010311889	0.004095459	-0.9896393	0.000509662	-0.001489575	-0.004718997
28.2	0.009689331	0.003903198	-0.98868714	-0.001512688	-0.002169365	-0.00194898
28.25	0.010494994	0.003503418	-0.9898285	-0.002484176	0.003551412	-0.002123027
28.3	0.011059569	0.002734375	-0.9894226	-0.001559874	0.000722028	-5.57022E-05
28.35	0.009478759	0.003106689	-0.98927306	-0.001292152	-0.001175773	-0.000755111
28.4	0.009472655	0.002511597	-0.98966064	-0.000995137	-0.000942002	-0.002591911
28.45	0.009298705	0.002694702	-0.99063416	-0.000938984	0.00094927	-0.004651899
28.5	0.009313965	0.003085327	-0.99082946	-0.000905254	-0.004758774	-0.005618306
28.55	0.008728028	0.003665161	-0.9904602	-0.002366428	-0.003320604	-0.005602649
28.6	0.010681152	0.003112793	-0.98981934	-0.002429146	0.001949822	-0.003230048
28.65	0.010473633	0.002523804	-0.9902069	-0.004158101	0.002683192	-0.002296129
28.7	0.010864257	0.003121948	-0.9894287	-0.002764848	0.002724132	0.000499875
28.75	0.011407469	0.002563477	-0.98766174	-0.003760568	0.001792368	0.001422
28.8	0.012008666	0.002963257	-0.98764954	-0.00376991	0.003000049	0.001906308
28.85	0.011041259	0.003137207	-0.9884552	-0.005703288	-0.001284409	0.001398834
28.9	0.011688231	0.004498291	-0.98922424	-0.007147577	-0.004371084	0.000910509
28.95	0.012103271	0.004299927	-0.98998412	-0.006079567	-0.006050997	-0.002327743
29	0.011526489	0.004879761	-0.99019774	-0.003420988	-0.003888841	-0.001362431
29.05	0.010733031	0.004675293	-0.99040526	-0.002695954	-0.005296565	-0.00089746
29.1	0.010534667	0.004873657	-0.9900238	0.000753349	-0.003620786	-0.002009029
29.15	0.010095215	0.003707886	-0.98925172	0.001012441	-0.004330799	-0.002471358
29.2	0.009481811	0.003317261	-0.98887636	-1.01726E-05	-0.002158505	-0.000595705
29.25	0.009109496	0.003094482	-0.9902466	0.000263474	-0.00238939	-0.001511251
29.3	0.009307861	0.002499389	-0.99082338	0.000747779	-0.00285511	-0.001276437
29.35	0.008493042	0.002102661	-0.9904541	3.91592E-05	-0.002371184	-0.001959602
29.4	0.008886718	0.002304077	-0.99024962	-0.000733393	0.000275477	-0.000309729
29.45	0.008676147	0.002304077	-0.98986814	-0.001393267	-0.000930735	-0.002864137
29.5	0.009082032	0.002505493	-0.99005124	-0.003322105	0.000265558	-0.003547124
29.55	0.008682251	0.00289917	-0.98948056	-0.003087669	0.002665947	-0.003050273
29.6	0.009490967	0.003097534	-0.98984984	-0.003841051	0.003878282	-0.002107286
29.65	0.009515381	0.004074097	-0.98985594	-0.001146952	0.003657513	-0.002314999
29.7	0.009320068	0.004071045	-0.98986206	5.56614E-05	0.006774836	-0.001575207
29.75	0.008691406	0.003881836	-0.9887146	0.001029737	0.006079858	-0.001333681
29.8	0.00989685	0.003884888	-0.98945922	-0.001103325	0.003216781	-0.003442882
29.85	0.009295654	0.003683472	-0.98947448	-0.00036235	0.002033935	-0.003675045
29.9	0.009091186	0.003289795	-0.98967286	-0.000608311	0.001100377	-0.003441535
29.95	0.009286499	0.003094482	-0.98986206	-0.000169285	-0.002909421	-0.001381098
30	0.010122681	0.003869629	-0.99101258	0.000358133	-0.004102505	-0.002771244
30.05	0.010095215	0.003094482	-0.99061892	0.004269598	-0.004081916	-0.002969109
30.1	0.010314942	0.003085327	-0.99158022	0.004979556	-0.004769779	-0.002034182
30.15	0.010305787	0.002493286	-0.99196474	0.004459915	-0.002848071	-0.00085716
30.2	0.010089112	0.002502442	-0.99099734	0.003784765	-0.001423454	-0.002918818
30.25	0.009857178	0.001531983	-0.9904114	0.004499838	-0.001161731	-0.002206796
30.3	0.008883667	0.001907349	-0.99082644	0.001591454	-0.000212111	-0.002902502
30.35	0.009454346	0.001531983	-0.9902283	-0.001306187	-0.002826393	-0.003856006
30.4	0.008084107	0.002307129	-0.9898804	-0.00172277	-0.003547459	-0.006398361
30.45	0.008526612	0.002679444	-0.9916199	-0.002740098	-0.004240304	-0.004784897
30.5	0.007925416	0.002676392	-0.9914429	-0.001288647	-0.001600002	-0.004279045
30.55	0.00892334	0.00328064	-0.99103396	0.000151293	9.27822E-05	-0.003319064
30.6	0.008551025	0.004058838	-0.99123842	0.001311897	0.005119384	-0.001179395
30.65	0.009329223	0.003872681	-0.99082948	0.001051909	0.005379679	-0.000472808
30.7	0.009500121	0.003497314	-0.99004822	0.002275793	0.003731897	-0.000469513
30.75	0.00974121	0.003271484	-0.99217826	-0.001393392	0.002787103	-2.9607E-05
30.8	0.008126831	0.002471924	-0.99183036	-0.00233968	0.000652419	-0.00096719
30.85	0.008102417	0.002084351	-0.99125052	-0.00132356	-0.006717731	-0.002172795
30.9	0.008694458	0.001495362	-0.99200736	0.000871274	-0.010742119	-0.001953433
30.95	0.008279419	0.001498413	-0.99123832	0.002081943	-0.012147722	-0.001484414
31	0.006011963	0.00053711	-0.98837586	0.00596196	-0.019016869	-0.000355902
31.05	0.004800415	-0.000646973	-0.98859254	0.005429543	-0.023031308	0.001468453
31.1	0.003799438	-0.001046753	-0.98842164	0.004875257	-0.016331122	0.003852659
31.15	0.002038574	-0.001275635	-0.98943788	0.002200034	-0.01529563	0.012646366
31.2	0.000863647	-0.001690674	-0.9904358	0.002214012	-0.01599814	0.012190826
31.25	0.001501465	-0.001312256	-0.99178162	0.001007887	-0.015988728	0.011734866
31.3	0.004699708	-0.001293945	-0.9930542	0.00475939	-0.019731112	0.017512868
31.35	0.016467286	-0.007238769	-0.99405518	0.010173362	-0.046911936	0.061965862
31.4	0.005944825	-0.00595703	-0.99201354	0.018048086	-0.067101752	0.141897528
31.45	0.013183595	-0.012176513	-0.99488822	0.021788039	-0.084857204	0.203079447
31.5	0.007754518	-0.01080017	-0.98979484	0.02852206	-0.098961184	0.325396302
31.55	-0.002127074	-0.009942619	-0.99026176	0.03186334	-0.096413272	0.47376036
31.6	-0.02220764	-0.003906243	-0.98987114	0.03162978	-0.070360865	0.59107506
31.65	-0.023068236	-0.004663079	-0.98735954	0.031234436	-0.053874985	0.65091914
31.7	-0.017175292	-0.009002679	-0.98056642	0.038388166	-0.039350025	0.7295294
31.75	-0.02522888	-0.002706901	-0.98607178	0.038288536	-0.023027423	0.82384966
31.8	-0.009924316	-0.009979247	-0.98716744	0.044840736	-0.017679895	0.86141842
31.85	0.011636352	-0.018386839	-0.97603768	0.054454378	-0.01466089	0.93045122
31.9	0.021865845	-0.024459838	-0.97028208	0.062914874	-0.007529709	1.03329676
31.95	0.000964355	-0.007528686	-0.97426462	0.054070982	0.008767105	1.1261799
32	0.003210449	-0.014575196	-0.97629708	0.057803252	0.005005185	1.07803868
32.05	0.011370851	-0.016168214	-0.97023316	0.052111288	-0.008538765	1.08135482
32.1	0.010470583	-0.009811404	-0.97671204	0.056966456	0.012288403	1.14544202
32.15	-0.013360596	0.006329344	-0.99340206	0.045900306	0.025361658	1.27577762
32.2	-0.023330688	0.00107727	-0.99693284	0.05875886	0.028362458	1.31475822
32.25	0.001968384	-0.003228761	-0.98922718	0.058236686	0.040381416	1.37943004
32.3	-0.038265996	0.011758423	-0.99079882	0.054010054	0.05923676	1.4638106
32.35	-0.056216436	0.018725587	-0.99599292	0.03665275	0.043647294	1.3744902
32.4	-0.043481448	0.014398193	-0.99387192	0.032611452	0.031965366	1.18879246
32.45	-0.026397708	0.010131836	-0.99085994	0.016719939	0.018674461	1.09024574
32.5	-0.035125736	0.012289428	-0.997525	-0.000651677	0.021740171	1.03742156
32.55	-0.012304687	-0.00291443	-0.99758604	-0.005526372	0.021868673	0.97353396
32.6	-0.025320433	-0.00310669	-1.00104358	-0.006815612	0.013708668	0.9399021
32.65	-0.016885375	-0.010577392	-0.9960998	-0.001473102	0.01719344	0.87702702
32.7	-0.012210081	-0.014450072	-0.99711298	-0.002057924	0.021709768	0.77132272
32.75	-0.006835935	-0.019439696	-0.99440604	0.00396474	0.01823058	0.70144682
32.8	-0.013021848	-0.012255859	-0.9936492	0.004674363	0.026722362	0.69296662
32.85	-0.004183958	-0.013690187	-0.99126586	0.007155573	0.053992252	0.6816586
32.9	-0.004919432	-0.011154176	-0.99110716	0.000623966	0.057605874	0.66129332
32.95	-0.005871582	-0.009796144	-0.99114072	-0.001961007	0.055829571	0.67583976
33	-0.036883546	0.00960083	-0.9924957	-0.00298328	0.049574743	0.6686043
33.05	-0.027651978	0.011022949	-0.99595334	-0.004553153	0.038919841	0.49079652
33.1	-0.018704224	0.005474855	-0.99431456	-0.008422069	0.013883355	0.3535784
33.15	-0.009979248	-0.001455687	-0.9932556	-0.004850448	0.00430992	0.2933609
33.2	-0.017160034	0.007104493	-0.99078674	-0.002135817	-0.004014859	0.29238408
33.25	-0.008847044	0.007205201	-0.99017638	-0.003189362	-0.000905682	0.24058578
33.3	-0.011880492	0.006616211	-0.9881134	-0.002359358	-0.000461158	0.209598366
33.35	-0.013037109	0.008364868	-0.98776854	-0.001650753	-0.002602955	0.183205082
33.4	-0.018054199	0.013192749	-0.98833006	-0.001210786	-0.004745808	0.130432707
33.45	-0.014733879	0.009292603	-0.99035032	0.002290458	-0.004082752	0.045309197
33.5	-0.005554193	-0.004299927	-0.99020384	0.002900971	0.00442494	-0.014075669
33.55	0.001815803	0.00046692	-1.00520626	-0.001368308	0.026194842	-0.000944515
33.6	0.002044685	5.7984E-05	-1.00694576	-0.000441676	0.025261743	0.000903034
33.65	0.001440437	0.000457764	-1.00598752	-0.002666412	0.029789958	0.001857187
33.7	0.001043701	0.000845338	-1.0056152	-0.005487719	0.037922655	0.006774129
33.75	0.002853394	0.001052857	-1.00634152	-0.004727524	0.028241355	0.015020148
33.8	-0.004089355	-0.003533936	-0.99269102	0.002656818	0.005543963	0.003979921
33.85	-0.003100586	-0.002923584	-0.99188842	0.001199105	0.005063933	0.003735987
33.9	-0.001895141	-0.003518677	-0.99340514	0.000475803	0.001728587	0.003470126
33.95	-0.001730346	-0.003890991	-0.99223022	-0.001252758	-0.00326368	0.004340687
34	-0.001367187	-0.004067993	-0.99105834	0.000497731	-0.00327526	0.002730451
34.05	-0.000772095	-0.003665161	-0.99046326	-0.000470821	-0.004944308	0.002478547
34.1	-0.000436401	-0.00501709	-0.98908996	-0.002134662	-0.006141249	0.000848807
34.15	-0.001251221	-0.004614258	-0.98756104	-0.001891689	-0.0058925	0.000862543
34.2	-0.00123291	-0.003833008	-0.98756714	-0.001583416	-0.002334532	-0.0016386
34.25	-0.00144043	-0.004031372	-0.98737488	-0.002534723	-0.002810215	-0.002563568
34.3	-0.002252197	-0.005020142	-0.9877777	-0.003966642	-0.004479046	-0.003733556
34.35	-0.002398682	-0.003463745	-0.98856812	-0.001042308	-0.001618324	-0.003691463
34.4	-0.002575684	-0.003878784	-0.9901245	-0.00057795	-0.003513133	-0.0027807
34.45	-0.002612305	-0.004644775	-0.98914488	-0.00056453	-0.004945414	-0.003256468
34.5	-0.002200318	-0.00484314	-0.99010314	-0.001327089	-0.00541217	-0.002108195
34.55	-0.001397705	-0.004440308	-0.98989258	-0.000846722	-0.004219123	-0.001863381
34.6	-0.001193238	-0.004840088	-0.9904663	-0.001560963	-0.003274499	-0.002553003
34.65	-6.1038E-06	-0.004824829	-0.99024352	-0.002199251	-0.003783069	-0.006032019
34.7	0.000421142	-0.004446411	-0.99121094	-0.003219214	-0.003056059	-0.004411585
34.75	0.000442505	-0.003466797	-0.99102478	-0.002952786	-0.000684093	-0.005314258
34.8	1.52588E-05	-0.003652954	-0.98986206	-0.003714453	-0.002103064	-0.004174707
34.85	-0.000802612	-0.004043579	-0.98930054	-0.004269451	-0.003509127	-0.001645478
34.9	-0.00100708	-0.004040527	-0.98910828	-0.003607425	-0.002057137	0.000916402
34.95	-0.001577759	-0.003466797	-0.98970948	-0.000436108	-0.00229029	0.000931782
35	-0.001983643	-0.003863525	-0.98971864	-0.001665651	-0.00514412	0.001361632
35.05	-0.001370239	-0.004064941	-0.9908722	0.000320687	-0.002535497	7.9122E-06
35.1	-0.000756836	-0.003469849	-0.9910492	0.001553423	-0.003717744	-0.000447631
35.15	-0.000567627	-0.003860474	-0.99085084	0.00087738	-0.0039656	-0.002524876
35.2	-0.000775147	-0.004452515	-0.99104614	-0.001035412	-0.006113031	-0.003932122
35.25	-2E-10	-0.004431153	-0.99005126	-0.001016966	-0.006585285	-0.004619257
35.3	-0.000369263	-0.003659058	-0.9904541	-0.001293053	-0.005851226	-0.003445948
35.35	0.000219727	-0.004248047	-0.99082336	-0.001732615	-0.004678592	-0.005288934
35.4	-0.000537109	-0.003286743	-0.99162598	-0.001540422	-0.002519268	-0.003417296
35.45	0.000848389	-0.003665161	-0.99197388	0.000195143	0.000576054	-0.004526972
35.5	-0.000491333	-0.003710938	-0.99434204	-5.51592E-05	0.000586965	-0.004287324
35.55	-0.001312256	-0.003900147	-0.99319458	-0.000499331	0.00010477	-0.005904284
35.6	-0.002307129	-0.003118897	-0.99226074	-0.000774861	0.001080728	-0.004729273
35.65	-0.002325439	-0.00390625	-0.992453	-0.00196192	-0.000584036	-0.005897252
35.7	-0.003292847	-0.00333252	-0.9928711	-0.004463733	0.000151695	-0.003589581
35.75	-0.002737427	-0.003305054	-0.99111024	-0.003219599	0.00158274	-0.004494679
35.8	-0.002124023	-0.003710938	-0.99244996	-0.003194026	0.001583893	-0.005419594
35.85	-0.001928711	-0.004696655	-0.99340516	-0.005107295	0.001097081	-0.006823573
35.9	-0.001739502	-0.004486084	-0.99262086	-0.003162052	0.003015867	-0.006566536
35.95	-0.001577759	-0.004067993	-0.99048158	-0.002665478	0.002072084	-0.006806343
36	-0.001568604	-0.004669189	-0.99164126	-0.002240619	0.004240366	-0.004472635
36.05	-0.001171875	-0.004263306	-0.99105532	-0.003230664	0.00163572	-0.00381107
36.1	-0.0015625	-0.003875732	-0.99087832	-0.001491038	0.002588747	-0.00495321
36.15	-0.00177002	-0.004071045	-0.99069216	-0.003697664	0.002117394	-0.004508486
36.2	-0.001959229	-0.005072022	-0.9922455	-0.001024968	0.002371953	-0.004030995
36.25	-0.001367188	-0.004864502	-0.9918396	-0.000277317	0.000949098	-0.004504949
36.3	-0.001339722	-0.004882813	-0.99319762	0.000635483	0.003355648	-0.002165328
36.35	-0.000332642	-0.004684448	-0.99375304	0.001318553	0.003615526	-0.000309177
36.4	0.000473022	-0.004483032	-0.99392394	0.002689646	0.004367241	0.003174912
36.45	0.001068115	-0.004476929	-0.99390868	0.000258648	0.001743321	0.002906061
36.5	0.001678467	-0.003683472	-0.99370422	0.000291104	-0.000171122	0.001731837
36.55	0.001620483	-0.003845215	-0.99117738	0.001286019	-0.001127728	0.001034383
36.6	0.00098877	-0.004223633	-0.98983156	-0.000193134	-0.00493172	0.001685709
36.65	0.00020752	-0.003253174	-0.98947144	0.00064546	-0.006870022	-0.002260813
36.7	-0.000616455	-0.003442383	-0.98833008	-0.000832177	-0.005440314	-0.001793446
36.75	-0.001818848	-0.003845215	-0.98816834	-0.003510552	-0.004256746	-0.002029052
36.8	-0.002182007	-0.003674316	-0.98973388	-0.005454304	-0.006166418	-0.002288639
36.85	-0.001751709	-0.002502441	-0.98992614	-0.001786016	-0.002595274	-0.00269879
36.9	-0.001351929	-0.003091431	-0.99068604	-0.002042891	-0.00211579	-0.002233236
36.95	-0.000506592	-0.002124023	-0.99202882	0.001372849	-0.002824744	-0.002220868
37	0.000479126	-0.002111816	-0.99180604	0.00329291	-0.002573438	-0.001051193
37.05	0.000488281	-0.001721191	-0.9918091	0.0035359	-0.001859006	-0.001043549
37.1	-0.001144409	-0.00289917	-0.99106142	-0.000621022	-0.006108864	5.58724E-05
37.15	-0.001931763	-0.002709961	-0.99108278	-0.002053425	-0.007751241	-0.000425561
37.2	-0.001364136	-0.003277588	-0.99028626	-0.005592796	-0.011330347	-0.004175534
37.25	-0.001940918	-0.003292847	-0.99107666	-0.005298842	-0.006076168	-0.005510288
37.3	-0.00453186	-0.003512573	-0.99056396	-0.00355638	-0.004621905	-0.006177395
37.35	-0.009243775	-0.003198242	-0.99224852	-0.000341376	-0.003132632	-0.026045079
37.4	-0.01277771	-0.001080322	-0.99139098	0.002153026	-0.00736974	-0.073503362
37.45	-0.013369751	0.006930542	-0.99165648	0.008684206	-0.002862122	-0.180787922
37.5	-0.013577271	0.007531738	-0.99050292	0.014085504	-0.009827193	-0.345797182
37.55	-0.022229005	0.013815306	-0.99621896	0.01039496	-0.010514829	-0.499462084
37.6	-0.041922005	0.027490233	-0.99606638	0.01429117	-0.027680322	-0.60811474
37.65	-0.046945199	0.031127927	-0.99816904	0.014351599	-0.019604693	-0.8199878
37.7	-0.058428964	0.029989621	-1.00040912	0.014194909	-0.010026452	-1.02375028
37.75	-0.052786264	0.033169554	-1.0012514	0.010937459	-0.018393987	-1.21149604
37.8	-0.05298768	0.028527831	-0.99694832	0.013175623	-0.024655333	-1.40405114
37.85	-0.01604004	0.018618773	-0.99355476	0.008323334	-0.011904577	-1.6510796
37.9	-0.007577515	0.015374755	-0.99428116	0.003911129	-0.00416194	-1.7415048
37.95	-0.004727173	0.010522461	-0.99378356	-0.005509155	0.00489781	-1.7907594
38	0.005108643	0.009088134	-0.99195556	-0.009674324	0.018203464	-1.8450368
38.05	0.019686889	0.010778807	-0.99488224	-0.010221255	0.037806442	-1.8615216
38.1	0.022857665	0.008032226	-0.99789128	-0.014258926	0.043816468	-1.802027
38.15	0.019277954	0.016619872	-0.99687802	-0.005429142	0.03242449	-1.7215632
38.2	0.041342162	0.010998534	-0.99722302	-0.014013166	0.00397942	-1.6554654
38.25	0.025738524	0.010986327	-0.9997804	-0.011666251	-0.005041484	-1.469737
38.3	0.025094604	0.007958984	-0.99180612	-0.009954015	-0.024335084	-1.314648
38.35	0.014526366	0.011926269	-0.99347542	-0.010581073	-0.027344288	-1.2001446
38.4	0.024780272	0.001068115	-0.99448548	-0.017158268	-0.020346282	-1.10964708
38.45	0.01404724	0.001766967	-0.99186396	-0.005728722	-0.010121054	-0.98107338
38.5	0.024615478	-0.005178833	-0.9936676	-0.005506456	-0.010249328	-0.9165176
38.55	0.021130371	0.001947022	-0.99866942	-0.00526573	-0.006485722	-0.81629348
38.6	0.018179322	-0.003930664	-0.9971527	0.000367826	-0.009310756	-0.73507264
38.65	0.013601684	-0.005755615	-0.9980377	-0.001865123	-0.01727905	-0.64237306
38.7	0.017318726	-0.006481933	-0.99695736	-0.001382317	-0.017393066	-0.52367234
38.75	0.0084198	-0.003411865	-0.99411002	-0.001867767	-0.011944401	-0.36883082
38.8	0.007250978	-0.009863281	-0.9931243	-0.005278902	-0.009055561	-0.259611074
38.85	0.004901124	-0.007525635	-0.99164726	-0.009235578	0.003925673	-0.139427789
38.9	0.005072022	-0.007504272	-0.99028326	-0.01060671	0.024464859	-0.052249203
38.95	-0.00029602	-0.002514648	-0.99279182	-0.007736529	0.023710424	-0.004575327
39	-0.000820922	1.52588E-05	-0.9932099	-0.006902104	0.029941814	0.00034488
39.05	0.001773071	0.000231934	-0.99353034	-0.004906282	0.028973875	-0.001503884
39.1	0.003988648	0.00043335	-0.99502874	-0.004147073	0.021351588	-0.002496133
39.15	0.002401734	0.002597046	-0.99256286	5.748E-06	0.003749028	-0.002403277
39.2	0.000952149	0.001821899	-0.9906555	-0.001980611	0.004947817	-0.001248401
39.25	0.000341797	0.001824951	-0.98989562	-0.002186325	0.001842447	-0.002667861
39.3	0.000527954	0.001834107	-0.98950194	-0.002675814	0.002319321	-0.002668128
39.35	-0.000695801	0.001443482	-0.9883667	-0.00269752	0.003752165	-0.001961235
39.4	-0.000482178	0.000845337	-0.98971252	0.001452977	0.004706953	-0.002160991
39.45	-0.000857544	0.001223755	-0.99031066	0.001678607	0.002331915	-0.001487188
39.5	-0.001446533	0.001406861	-0.99052428	0.001648578	-0.000515295	-0.000356383
39.55	-0.00206604	0.001019287	-0.98976134	0.001097863	-0.000972644	0.001950155
39.6	-0.001068115	0.000823975	-0.99031676	0.003801066	-0.003832182	0.00124497
39.65	-0.00128479	0.000836182	-0.9893524	-0.00035349	-0.003361714	0.001457404
39.7	-0.001495361	0.000839233	-0.98877562	0.000644669	-0.001465408	0.000554457
39.75	-0.00189209	0.001434326	-0.98800962	-0.003216022	-0.000772917	-0.00108054
39.8	-0.002294922	0.001431274	-0.98782652	-0.00025327	0.00040834	-0.002441874
39.85	-0.002282715	0.001028442	-0.98879392	-0.002212262	0.001120495	-0.002215006
39.9	-0.002893066	0.000827026	-0.98842162	-0.00294306	-0.000547349	-0.002234362
39.95	-0.002078247	0.001025391	-0.98898316	-0.003755894	-0.00075994	0.00076704
40	-0.000311279	-0.000726318	-0.9900879	-0.001322885	-0.000992583	0.001009719
40.05	0.000305183	-0.000531006	-0.99085084	-0.002292212	-0.001234546	0.000770693
40.1	0.00010987	-0.000137329	-0.99047242	-0.000829114	0.000912378	0.000797393
40.15	0.001141365	0.000643921	-0.99141846	0.000849561	-2.43936E-05	0.001954319
40.2	-0.000231927	0.000219727	-0.9926178	0.001594582	0.000450676	0.001499135
40.25	-0.001205437	0.00098877	-0.99265138	0.001133821	-0.000984257	0.000557143
40.3	-0.001400757	0.000982666	-0.99284974	0.000195842	-0.000520053	-0.000833011
40.35	-0.001815796	0.000595093	-0.99246828	-0.00074834	-0.001484579	-0.002004038
40.4	-0.002023316	0.000201416	-0.99247132	-0.000479685	-0.001730795	-0.002930519
40.45	-0.000646973	0.00022583	-0.99184876	-0.000693655	-0.000789687	-0.004080224
40.5	-0.001046753	0.001019287	-0.99069824	-0.000281243	-4.99982E-05	-0.001294748
40.55	-0.000454712	0.000436401	-0.99106446	-0.000579558	-0.002173806	0.000766568
40.6	-0.000439453	0.000622559	-0.99164734	-0.001329704	-0.003120725	0.00144784
40.65	0.000366211	0.001019287	-0.99182434	-0.001545243	-0.000751516	0.000311176
40.7	0.000363159	0.001419068	-0.99124756	-0.001807278	-0.001935703	0.00099297
40.75	-1.52586E-05	0.000805664	-0.99280702	-0.002753243	-0.000995588	-0.000160841
40.8	1.22074E-05	0.001974487	-0.99281618	-0.002224262	0.001370446	-0.001756218
40.85	0.000387574	0.001794434	-0.99183656	-0.002011015	0.00090506	-0.000602522
40.9	-0.000616455	0.001791382	-0.99128114	-0.003478391	-0.001951192	-0.00040538
40.95	-0.001452637	0.000415039	-0.99109802	-0.003190603	-0.002441562	-0.002028026
41	-0.001657104	0.000811768	-0.99033202	-0.00025717	-0.00243935	-0.002243191
41.05	-0.002478027	0.00022583	-0.98977048	-0.001232184	-0.00363094	-0.00225952
41.1	-0.00307312	0.000216675	-0.989978	-0.001226265	-0.00220277	-0.002476346
41.15	-0.002886963	2.7466E-05	-0.98958128	0.000180248	0.000438533	-0.000360562
41.2	-0.002053833	0.000613403	-0.99053344	0.001176347	-0.000516043	-0.001056282
41.25	-0.000488281	-0.000344849	-0.99067992	-0.000260132	-0.000760465	-0.001984924
41.3	-0.000872803	-0.00015564	-0.99088134	0.000942918	-0.000747954	-0.001276947
41.35	-4.57762E-05	-0.000164795	-0.99241332	0.000280209	-0.001007956	-0.003822749
41.4	-3.96726E-05	0.000228882	-0.99222412	-0.000891425	-0.003876913	-0.005458706
41.45	-4.57762E-05	0.000427246	-0.9918396	-0.001684827	-0.001949607	-0.003115582
41.5	-0.001049805	0.000622559	-0.99108888	-0.004139857	-0.002896526	-0.002420935
41.55	-0.00027771	4.88282E-05	-0.99087222	-0.004655871	-0.003360598	-0.001248359
41.6	-0.000891113	0.00045166	-0.9895325	-0.002514872	-0.002146201	0.000879647
41.65	-0.000888062	5.49316E-05	-0.99010928	-0.002018522	-0.002146507	0.000671811
41.7	-0.000738525	-0.000106812	-0.98796388	-0.002980296	-0.001199153	0.000233133
41.75	-0.000112908	0.000671387	-0.98853454	-0.001247832	-1.48312E-05	-0.00066326
41.8	0.000064094	-0.000109863	-0.98833006	-0.001220141	-0.00073649	-0.001580528
41.85	0.000271622	-0.000512695	-0.98929136	-0.002675145	-0.000740097	-0.001805374
41.9	0.000259415	-0.000308227	-0.98851926	-0.003941006	0.003557037	-0.000148022
41.95	0.00032045	0.000646973	-0.99027402	-0.003690004	0.004984236	-0.000344802
42	0.001330575	0.000646973	-0.99102476	-0.003720294	0.006423505	0.000845293
42.05	0.001571664	0.002011109	-0.9916107	-0.004465307	0.008331074	0.001335618
42.1	0.002157593	0.002423096	-0.99062804	-0.005931832	0.006665855	0.001573483
42.15	0.00335083	0.002432251	-0.99079284	-0.005876967	0.002842035	-0.00028227
42.2	0.002352905	0.002020264	-0.99120788	-0.006868249	0.000229353	0.000397776
42.25	0.001315308	0.001443481	-0.98987122	-0.006644885	-0.002141189	0.001332423
42.3	0.000680542	0.00046997	-0.98910522	-0.005886515	-0.001671744	0.000444824
42.35	-0.000119018	6.71384E-05	-0.9893158	-0.002483769	-0.000472119	0.000951441
42.4	0.000286865	0.000265503	-0.98949584	0.000425269	0.001918878	0.001709812
42.45	0.001644898	0.000305176	-0.98789978	0.000203845	0.000246289	0.001025755
42.5	0.002301025	0.000869751	-0.9900238	0.002921456	1.3644E-06	-9.35914E-05
42.55	0.002709961	0.001660156	-0.98963014	0.004100035	0.00073143	0.001563893
42.6	0.003869629	0.001296997	-0.9886261	0.00242289	-0.002374006	0.00062558
42.65	0.002868652	0.001092529	-0.98846132	0.001254821	-0.002868907	-0.001224032
42.7	0.002697754	0.000872803	-0.99002076	0.001993584	0.000936563	-0.001395519
42.75	0.001486206	0.000671387	-0.98927612	-0.001874357	-0.001223142	-0.002584641
42.8	0.00163269	-0.001278687	-0.98906248	0.000134192	-0.011471736	-0.004270785
42.85	-0.000115967	-0.001318359	-0.9906616	0.009547923	-0.01951451	-0.000111331
42.9	-0.001348877	-0.00368042	-0.99106442	0.019707483	-0.036602568	0.003738812
42.95	-0.010827637	-0.001626587	-0.99036252	0.033969695	-0.059380128	0.009408499
43	-0.016290284	-0.005715942	-0.9992279	0.062586202	-0.085061014	0.007495831
43.05	-0.031542969	-0.013647461	-1.0089111	0.137095248	-0.146692748	-0.00375019
43.1	-0.036074828	-0.030755616	-1.01124882	0.27974389	-0.19079713	-0.00889989
43.15	-0.041735838	-0.051565544	-1.01144718	0.489104446	-0.21904324	0.017932474
43.2	-0.037847898	-0.09595337	-1.01219486	0.72754014	-0.24773556	0.04306481
43.25	-0.053112798	-0.13551635	-1.0016327	0.97031486	-0.25633386	0.07881577
43.3	-0.05212708	-0.185296618	-0.99309392	1.2120117	-0.200491534	0.13504441
43.35	-0.08310852	-0.23488158	-0.97277526	1.46174	-0.13415975	0.19163846
43.4	-0.105838006	-0.30203246	-0.94103698	1.6361714	-0.100119226	0.163761147
43.45	-0.128747544	-0.36322936	-0.903125	1.7574268	-0.074507106	0.081137227
43.5	-0.125082374	-0.44436036	-0.8418152	1.8925846	-0.077516886	-0.037070893
43.55	-0.12427366	-0.52448122	-0.77572328	1.9871926	-0.074465894	-0.162621913
43.6	-0.098113998	-0.60953982	-0.70464478	1.9764958	-0.134655958	-0.290025493
43.65	-0.083120718	-0.68261112	-0.63549806	1.923899	-0.176901682	-0.34738976
43.7	-0.063018798	-0.75626224	-0.555719	1.8687214	-0.192436582	-0.34552324
43.75	-0.050079346	-0.81347048	-0.48382568	1.7690074	-0.132548404	-0.28583646
43.8	-0.04432373	-0.85919496	-0.39646606	1.6054478	-0.103941394	-0.200873
43.85	-0.045907592	-0.89530336	-0.34454956	1.40220442	0.008652706	-0.111896898
43.9	-0.049700928	-0.92240296	-0.29023438	1.23645962	0.079761446	-0.037434968
43.95	-0.048370362	-0.94147034	-0.225140386	1.07989302	0.134964276	0.013563963
44	-0.061239624	-0.95031434	-0.217257706	0.84728434	0.132758182	0.044877877
44.05	-0.066949462	-0.95983278	-0.19245607	0.69915126	0.115886893	0.019607337
44.1	-0.068847656	-0.964563	-0.16448365	0.63731712	0.070211611	-0.020716865
44.15	-0.057443236	-0.97141116	-0.13049927	0.59544938	0.061185967	-0.068439215
44.2	-0.061932372	-0.96972048	-0.131994632	0.53897794	0.038655819	-0.08073235
44.25	-0.052371216	-0.97502748	-0.084078976	0.60732508	0.026172291	-0.107975664
44.3	-0.033462526	-0.97779848	-0.044494626	0.66048886	0.032015736	-0.10621406
44.35	-0.026223756	-0.98178408	0.002178954	0.60184798	0.017425902	-0.05597378
44.4	-0.025573732	-0.98354188	0.016394042	0.50629718	0.01394122	-0.00447474
44.45	-0.030288698	-0.9824402	0.04385681	0.43767248	0.038296172	0.015726954
44.5	-0.022723389	-0.98604432	0.075375374	0.32641478	0.039880402	0.025073276
44.55	-0.039297485	-0.98521424	0.06365052	0.14377684	0.033160201	0.048987892
44.6	-0.037225341	-0.98743896	0.056726082	0.0502442	0.031769991	0.016062996
44.65	-0.039532471	-0.98512878	0.05587159	-0.01169208	0.023412459	-0.003098926
44.7	-0.028930663	-0.99031676	0.05463868	-0.052241452	0.007106363	-0.009950509
44.75	-0.040942382	-0.98678284	0.03621826	-0.093265622	-0.001581177	0.009872835
44.8	-0.03623352	-0.98788756	0.037326048	-0.06067832	-0.000236479	-0.004509199
44.85	-0.039248658	-0.98583068	0.032565306	-0.038670718	-0.0023621	-0.006257113
44.9	-0.037557984	-0.9879425	0.034374998	-0.019303102	0.001441366	-0.00981665
44.95	-0.040234376	-0.98803406	0.029641722	-0.018496576	-0.000403357	-0.003350456
45	-0.03788147	-0.98858642	0.030288694	-0.005912514	0.000280981	-0.008595726
45.05	-0.039828492	-0.98943176	0.027523802	-0.01313858	0.001512692	-0.002841488
45.1	-0.039431764	-0.98942566	0.02753601	-0.009484065	9.23538E-05	-0.002602896
45.15	-0.037130738	-0.98935242	0.03109436	0.000924229	0.000523474	-0.008547466
45.2	-0.038284302	-0.98799744	0.031051636	-0.001241965	-0.001160655	-0.009491322
45.25	-0.03247986	-0.99002992	0.035305788	0.002265764	0.001900953	-0.012905078
45.3	-0.032592774	-0.98809816	0.03353882	-0.000611868	0.001005434	-0.005516544
45.35	-0.033450316	-0.98966066	0.034692384	-0.006437338	0.002491686	0.00257144
45.4	-0.037054442	-0.9880127	0.029144288	-0.02435995	0.00226584	0.006865524
45.45	-0.037030028	-0.98742982	0.02875061	-0.026489366	0.003347476	-0.004705012
45.5	-0.039440916	-0.98756104	0.020910644	-0.035726036	0.002846617	-0.005917952
45.55	-0.037890624	-0.98812256	0.02173767	-0.02100968	0.001651839	-0.008854903
45.6	-0.036532592	-0.98728638	0.024291992	-0.008351896	0.002631653	-0.007850425
45.65	-0.037808226	-0.989032	0.02640686	-0.00506637	0.001728596	-0.002982045
45.7	-0.03701477	-0.98941956	0.025848388	-0.016123028	0.001738648	-3.55996E-05
45.75	-0.037817382	-0.98942262	0.02621765	-0.026987458	0.001684018	-0.004261388
45.8	-0.037335204	-0.99086	0.020605468	-0.04736006	0.003278603	-0.008755975
45.85	-0.037191772	-0.99175416	0.012652586	-0.055283392	0.000844228	-0.013449469
45.9	-0.032962036	-0.99175416	0.009460448	-0.03593992	0.000134804	-0.016124841
45.95	-0.032852172	-0.9932892	0.011810302	-0.006280202	0.004496157	-0.01245057
46	-0.033999634	-0.99173584	0.011764526	0.005009836	0.003858105	-0.005915381
46.05	-0.033843994	-0.99170532	0.013903809	0.004397264	0.003660925	-0.001293141
46.1	-0.032681274	-0.9916748	0.015100098	-0.00185112	0.004415372	0.004232175
46.15	-0.034555054	-0.9903717	0.011547852	-0.0077918	0.005618791	0.007458831
46.2	-0.035437012	-0.98885802	0.008206178	0.00116305	0.002556837	0.010266779
46.25	-0.035638428	-0.98826294	0.009170534	0.02630057	0.002346838	0.009950958
46.3	-0.03640442	-0.9883606	0.017117312	0.05562013	0.004034762	0.008287647
46.35	-0.0401886	-0.9867981	0.019918824	0.059623262	0.006938458	0.013667251
46.4	-0.039187624	-0.98805846	0.027334596	0.046545728	0.005696601	0.010113158
46.45	-0.041674806	-0.98814392	0.022994996	0.005098094	0.006340073	0.009194676
46.5	-0.038568116	-0.99025878	0.023483276	-0.02351799	0.00742909	0.002799064
46.55	-0.04046936	-0.98847046	0.012347412	-0.05623006	0.002866674	0.003732643
46.6	-0.03791809	-0.99002076	0.011651612	-0.048693036	-0.000527161	-0.004354271
46.65	-0.042132566	-0.99016114	0.004547119	-0.040763219	0.000714826	9.6629E-05
46.7	-0.037509154	-0.99042054	0.010501099	-0.013046581	0.000229244	-0.005537494
46.75	-0.040597532	-0.9887146	0.008654785	-0.006485103	0.001281347	0.004457218
46.8	-0.037789916	-0.99036864	0.014569091	0.011166221	0.004847226	0.001117487
46.85	-0.037338256	-0.9891998	0.013400267	0.000370539	0.005558717	0.003386315
46.9	-0.034609986	-0.98913878	0.015802	-0.006411568	0.007190767	0.001521159
46.95	-0.0380188	-0.9884857	0.00910034	-0.01530003	0.009109949	0.005430664
47	-0.035076906	-0.99022216	0.00861206	-0.004831384	0.006418848	-0.00308411
47.05	-0.037573242	-0.98870544	0.006588744	0.003188248	0.002857751	-0.002134552
47.1	-0.036694336	-0.9898224	0.010510254	0.019452342	0.003533121	-0.008512988
47.15	-0.0366333	-0.98787232	0.009915162	0.01850532	0.00041369	-0.009928523
47.2	-0.03460388	-0.98974304	0.014840698	0.014742626	-0.002509736	-0.015522735
47.25	-0.03826599	-0.98806458	0.011621093	-0.005949478	-0.002480993	-0.008231186
47.3	-0.036334228	-0.98960572	0.012268067	-0.012752778	-0.002022976	-0.00918131
47.35	-0.039199828	-0.98851014	0.008489991	-0.022179717	-0.00341029	-0.003221704
47.4	-0.03956604	-0.98892824	0.006539918	-0.01604089	-0.001026246	-0.004547823
47.45	-0.03718872	-0.98890078	0.006604006	-0.003366918	0.003534871	-0.003730187
47.5	-0.035858154	-0.98944094	0.008782961	0.012049376	0.004035266	-0.005016688
47.55	-0.03586731	-0.98943484	0.009173585	0.023953156	0.005513125	-0.002612652
47.6	-0.034365846	-0.98975832	0.012908937	0.037190289	0.00457536	-0.004387764
47.65	-0.032330322	-0.99163514	0.0174469	0.039133989	0.002455175	-0.003459796
47.7	-0.037786866	-0.9901642	0.014764404	0.019349821	-0.001993725	0.0070446
47.75	-0.036431884	-0.98973084	0.016931152	0.016031209	-0.000592566	0.003811824
47.8	-0.037911986	-0.98842468	0.01338501	-0.001822984	-0.000362362	0.005571858
47.85	-0.036944578	-0.98919982	0.013418578	-0.009502618	0.001495628	0.001163089
47.9	-0.037649534	-0.98727112	0.011636352	-0.013896555	0.001974579	0.001618806
47.95	-0.03184509	-0.98870544	0.016662598	-0.001553098	0.004566059	-0.00360341
48	-0.03156433	-0.99022216	0.020178224	-0.015251704	0.004887355	0.007443456
48.05	-0.03618164	-0.98944092	0.023931886	-0.045330763	0.004162158	0.010754549
48.1	-0.039337158	-0.98789368	0.02499695	-0.103457905	0.003305262	0.004415975
48.15	-0.038613892	-0.9894348	0.026391604	-0.191122385	0.001139815	-0.010188798
48.2	-0.038873292	-0.98726806	0.013150026	-0.318604588	-0.004636401	-0.022733838
48.25	-0.036590576	-0.98351746	-0.015383904	-0.46560696	-0.013062384	-0.035418512
48.3	-0.027319336	-0.98190918	-0.048965452	-0.56898964	-0.011821743	-0.037588514
48.35	-0.023300172	-0.97943116	-0.08618774	-0.6383115	-0.01104788	-0.018056186
48.4	-0.025698854	-0.97312928	-0.124591064	-0.67983606	-0.008005575	0.010898622
48.45	-0.031329348	-0.96762086	-0.16132508	-0.70857576	-0.001408859	0.036023578
48.5	-0.034210208	-0.96074524	-0.18594362	-0.7238341	0.010970401	0.040451548
48.55	-0.040774538	-0.94872132	-0.2176941	-0.81111604	0.00082665	0.038486699
48.6	-0.044549562	-0.9331604	-0.26494446	-0.94122044	-0.030679002	0.023595727
48.65	-0.043084718	-0.91282044	-0.31072692	-1.07132194	-0.044340304	0.008172603
48.7	-0.042156982	-0.88887634	-0.36432188	-1.21892026	-0.072400622	0.008718373
48.75	-0.04536438	-0.85265808	-0.43308408	-1.3629498	-0.070756056	0.030146593
48.8	-0.051745606	-0.81150816	-0.49613646	-1.4723406	-0.055257822	0.051430008
48.85	-0.058276368	-0.76196898	-0.56119384	-1.5809824	-0.012245728	0.062323638
48.9	-0.061254884	-0.71012266	-0.63239136	-1.6721344	0.015581128	0.049112682
48.95	-0.058474734	-0.6490051	-0.70291444	-1.7275292	0.033101112	0.021892334
49	-0.055175782	-0.5840515	-0.76528626	-1.7367728	0.028950602	0.011853716
49.05	-0.047155762	-0.51981812	-0.82674866	-1.7250846	0.016126626	0.012958956
49.1	-0.043496704	-0.45252076	-0.8753296	-1.6431968	0.016606802	0.05252125
49.15	-0.052453612	-0.38044436	-0.92175598	-1.556331	0.011993934	0.106884978
49.2	-0.054714964	-0.31595462	-0.95589608	-1.439771	0.03091366	0.126919778
49.25	-0.060763548	-0.26303714	-0.9743165	-1.30232724	0.03481597	0.114540639
49.3	-0.05760803	-0.21192934	-0.98974922	-1.14718736	0.049883822	0.097039197
49.35	-0.058105466	-0.165850844	-0.99747322	-1.02205766	0.048645396	0.070893449
49.4	-0.04401245	-0.13314515	-1.00743422	-0.89742208	0.057161022	0.044590605
49.45	-0.043084716	-0.09901429	-1.0025971	-0.74646444	0.062887632	0.073940249
49.5	-0.042810058	-0.067041014	-0.9975617	-0.61626158	0.084768788	0.103552786
49.55	-0.044436646	-0.042172242	-0.99506232	-0.48170852	0.106578592	0.098250101
49.6	-0.024002076	-0.031204224	-1.01150204	-0.36401124	0.158168028	0.020238369
49.65	-0.022314454	-0.017532349	-1.00046988	-0.229524516	0.150807108	-0.000138419
49.7	-0.013500977	-0.013113403	-0.99968252	-0.144944832	0.145788376	-0.042752263
49.75	-0.002850343	-0.011102294	-1.00407706	-0.0952313	0.136198692	-0.058760843
49.8	0.00349121	-0.010430907	-1.00313408	-0.066737322	0.108180864	-0.056312099
49.85	-0.004861451	-0.005413818	-0.98648378	-0.030282335	0.046673863	0.004879828
49.9	-0.002410889	-0.004040526	-0.98836976	-0.02238808	0.035791672	0.010841264
49.95	-0.001965332	-0.001690674	-0.98798828	-0.01588842	0.023218246	0.014234446
50	0.000662231	-0.002087402	-0.99082946	-0.004089931	0.005276599	0.002105575
50.05	0.001275635	-0.001495361	-0.9910095	-0.002048128	0.003344199	-0.001371276
50.1	0.00067749	-0.002090454	-0.99140928	-0.002062978	0.001682307	-0.000923723
50.15	0.001071167	-0.001889038	-0.99101562	-0.003271863	-0.001200056	-0.001646384
50.2	0.001873779	-0.00168457	-0.99118652	0.000124591	0.00188327	-0.001363897
50.25	0.001083374	-0.0013031	-0.99101868	-0.001567824	0.002092075	-0.002292509
50.3	0.001095581	-0.000918579	-0.99121704	-0.000874723	0.000181258	-0.001144664
50.35	0.001498413	7.01908E-05	-0.9904358	-0.000133975	0.000633818	-0.001826187
50.4	0.00107727	-0.000317383	-0.989859	0.002983334	0.003511328	6.82008E-05
50.45	-7.62976E-05	-0.00015564	-0.99144592	0.001764255	0.001129026	3.97354E-05
50.5	0.00068359	-0.000518799	-0.99025572	0.003678527	-0.000522044	0.001423727
50.55	0.00066528	-0.001101685	-0.99005736	0.003389468	-0.00027022	0.003043985
50.6	0.000875851	-0.001303101	-0.9908264	0.004606486	0.001159346	0.003063626
50.65	0.001696774	-0.000515747	-0.99119872	0.003417415	0.000432612	0.00189347
50.7	0.001290894	-0.000518799	-0.99082336	0.002903686	0.000440017	0.002816139
50.75	0.001116944	-0.000338745	-0.99161072	0.002902834	0.000439914	0.002815993
50.8	0.001519776	0.000256348	-0.991214	0.001235967	0.00280267	0.001208414
50.85	0.001513672	0.000857544	-0.99024354	-0.000958522	0.000895249	0.001178792
50.9	0.001089478	-0.000317383	-0.99005434	-0.001905337	0.002311369	2.92582E-05
50.95	0.001275635	-0.00010376	-0.98907778	-0.002141868	0.000166769	-0.000223046
51	0.001306152	0.000469971	-0.98985598	-0.003612426	0.000404708	2.1296E-06
51.05	0.001528931	0.000653076	-0.99082644	-0.002848205	-0.001984641	-0.00117244
51.1	0.000949097	-0.000161743	-0.9925873	-0.003812282	-0.001752262	-0.001638547
51.15	0.000762939	-0.00017395	-0.9933655	-0.002875019	-0.000786067	-0.000236454
51.2	0.001138306	-0.000753784	-0.99296572	-0.001617996	0.00016201	-0.001365755
51.25	0.000708008	-0.00093689	-0.99181216	-0.002541574	-0.001753671	-0.002995939
51.3	0.000338745	-0.001156616	-0.99337154	-0.002797778	-0.000791376	-0.002282416
51.35	0.001507568	-0.001132202	-0.99237056	-0.000839431	-0.000546026	-0.002257321
51.4	0.001885986	-0.000323486	-0.99061884	0.000400361	-0.001258027	-0.002707609
51.45	0.001702881	6.40868E-05	-0.99101252	-0.003259134	-0.001263752	-0.002728102
51.5	0.002301025	0.000469971	-0.99060662	-0.001834225	-5.9001E-05	-0.001321088
51.55	0.001065063	0.000488281	-0.98831176	-0.001378045	-0.000285847	-0.000163835
51.6	0.000656128	0.000494385	-0.98773804	-0.002801384	0.002553223	-0.001765765
51.65	0.000283804	7.93456E-05	-0.9892975	-0.004240221	0.001828482	-0.00270606
51.7	0.000280752	-0.000112915	-0.98929444	-0.001358827	0.003751591	-0.001053086
51.75	0.00048522	-0.00071106	-0.99025576	-0.0022985	0.004451337	-0.002440431
51.8	0.000860586	-0.001290894	-0.99004518	-0.002323319	0.004459449	-0.001515145
51.85	0.000701895	-0.000518799	-0.99083252	-0.000888179	0.001615767	-0.000376259
51.9	0.001486206	0.000488281	-0.9892639	-0.000932587	0.002582053	0.001251794
51.95	0.002087402	0.001480103	-0.98847654	-0.001200623	0.001637724	0.002167084
52	0.002471924	0.000894165	-0.98865964	-0.001207751	0.002353607	0.002404814
52.05	0.003292847	0.00128479	-0.98941648	-0.001696547	0.003066555	0.002408405
52.1	0.003308106	0.000872803	-0.99077452	-0.000458396	0.002824079	0.001718812
52.15	0.003512573	0.000274658	-0.99174194	-0.000662018	-0.000759028	0.000296805
52.2	0.003326416	-0.000137329	-0.99291382	0.000547718	-0.00193594	0.000998835
52.25	0.002362069	0.000430298	-0.99352416	0.001500695	-0.002632711	0.002166589
52.3	0.002148446	0.00083313	-0.9923706	0.002970502	-0.000958873	0.00220186
52.35	0.002124032	0.000650024	-0.99139708	0.001042696	0.00070851	0.00176238
52.4	0.001727303	0.000646973	-0.99140624	0.001253964	0.002636175	0.0034196
52.45	0.001724251	0.00045166	-0.99140318	0.000575657	0.004768033	0.001827884
52.5	0.001516723	0.000653076	-0.99082946	-0.000118896	0.004287911	0.000906495
52.55	0.002142334	0.001235962	-0.9915924	-0.001043707	0.002375038	-0.000491967
52.6	0.002142334	0.001434326	-0.99140014	0.000619287	0.003827975	0.001622001
52.65	0.001754761	0.001422119	-0.99179992	0.001626627	0.003588508	0.000940391
52.7	0.001339722	0.000637817	-0.99180604	0.001184021	0.000720322	-0.00047275
52.75	0.002496338	-0.000515747	-0.9913788	0.001463571	3.056E-07	-0.001396396
52.8	0.001489253	-0.001507568	-0.99178468	0.001223855	-0.000233827	-0.001161579
52.85	0.001052852	-0.002279663	-0.99081728	-0.000683592	-0.002866658	-0.002581237
52.9	0.001434321	-0.00206604	-0.9898346	-0.002601434	-0.003352526	-0.003516226
52.95	0.002633662	-0.001660156	-0.98980408	-0.002119487	-0.001203931	-0.00302569
53	-0.001019292	0.001400756	-0.99167174	0.001109782	0.014002197	-0.032715804
53.05	0.000317382	0.001254272	-0.98930358	0.009795674	0.028472955	-0.065620103
53.1	0.003631591	0.000335693	-0.98765564	0.011540816	0.049642412	-0.067265345
53.15	0.008810424	-1.83112E-05	-0.98945618	0.005812508	0.095358682	-0.063872811
53.2	0.014761351	0.000238036	-0.9896881	0.003983874	0.148458822	-0.06039032
53.25	0.026766967	-0.001757813	-0.9881836	-0.00199548	0.192521644	-0.029246849
53.3	0.039666746	-0.00222168	-0.98977966	-0.00931207	0.28278118	0.005083383
53.35	0.061120606	-0.001416016	-0.991156	-0.00753737	0.464784	-0.001583785
53.4	0.092187506	-0.00222168	-0.98954162	0.008124344	0.67076308	-0.017211521
53.45	0.143423464	-0.006207276	-0.9795868	0.038371384	0.97092208	-0.042317175
53.5	0.203042614	-0.005966188	-0.96769104	0.066399174	1.37354514	-0.105377726
53.55	0.29565736	-0.016223145	-0.93442384	0.115082976	1.7379096	-0.191809078
53.6	0.39502564	-0.014813233	-0.89775392	0.161574536	1.9477752	-0.256516324
53.65	0.48992614	-0.015045166	-0.84856264	0.165492764	2.0266798	-0.29534522
53.7	0.58183288	-0.011917114	-0.79461366	0.115878424	2.0225904	-0.291955706
53.75	0.66276854	-0.010131835	-0.72948	0.064683024	1.7706162	-0.251026586
53.8	0.71737974	0.008297729	-0.68480226	-0.015268956	1.5487334	-0.193787186
53.85	0.76425474	0.010137939	-0.631073	-0.093359856	1.4978968	-0.091716746
53.9	0.81090696	0.011529541	-0.56704406	-0.119110362	1.524497	-0.014567886
53.95	0.8384857	0.011474609	-0.52159728	-0.155154702	1.4794694	0.0387355
54	0.88401488	0.00888977	-0.44668882	-0.1351874	1.7617974	0.069868386
54.05	0.92263484	0.003289795	-0.35775754	-0.124201678	1.9680388	0.110210368
54.1	0.95297552	0.00027771	-0.258761572	-0.083998896	2.0367154	0.092314596
54.15	0.97597964	0.003009034	-0.162536604	-0.07540576	2.0463006	0.0718561
54.2	0.99407352	0.005914308	-0.049530024	-0.024653252	2.0311984	0.053715956
54.25	0.99372866	0.005844117	0.032293696	-0.016167072	1.69777478	0.054433758
54.3	0.99123236	0.010235596	0.098867776	0.034082326	1.20981228	0.038941112
54.35	0.98684384	0.010519409	0.138006568	0.021909609	0.767035744	0.030222263
54.4	0.98467408	0.008358764	0.15371092	0.026114088	0.372658084	0.028280581
54.45	0.98731384	0.005892943	0.1574951	0.031916767	0.056219624	0.010400802
54.5	0.9925019	0.006594848	0.14713134	0.029176952	-0.125474356	-0.001444723
54.55	0.99418952	0.000988769	0.13594056	-0.002713268	-0.08548688	0.004061903
54.6	0.99548346	0.001135254	0.13111574	-0.001010843	-0.053120224	0.003438257
54.65	0.99569098	0.000137329	0.12938234	0.000420774	-0.011228594	0.003593831
54.7	0.99610296	0.00032959	0.1286133	-7.21456E-05	0.007095392	0.003293451
54.75	0.99429626	-7.32422E-05	0.1291504	0.000360927	0.025912768	0.004854043
54.8	0.99421082	-0.001409912	0.13168336	0.00186012	0.019955388	0.003650779
54.85	0.99481506	-0.001809692	0.13092346	-0.002301346	-0.00645614	0.004775713
54.9	0.99522094	-0.001809692	0.13054198	-0.003491457	-0.026691916	0.004122219
54.95	0.99527894	-0.001248169	0.12859192	-0.002449637	-0.022347166	0.010645691
55	0.99528504	-0.001455688	0.1280121	-0.003194906	-0.014491858	0.010943666
55.05	0.99454652	-0.000506592	0.12643128	-0.002228405	-0.01163221	0.011205942
55.1	0.99417422	7.01904E-05	0.12583314	0.001941984	-0.003544358	0.01014533
55.15	0.99415592	0.000283814	0.12699586	0.002246577	0.011901172	0.007510272
55.2	0.99393618	9.76564E-05	0.127771	0.002136549	0.01350102	0.002428222
55.25	0.99472354	-0.000283813	0.12779236	0.003374188	0.005862334	0.001897377
55.3	0.9955292	-0.00067749	0.12684632	0.000961138	0.002973966	0.000926572
55.35	0.99552004	-0.001068115	0.12684938	0.000278713	0.001983809	-0.000943011
55.4	0.99475098	-0.001092529	0.12566226	-0.00050771	-0.007775255	0.001272215
55.45	0.99413452	-0.001879883	0.12584536	0.000197834	0.000561661	0.002045585
55.5	0.9935089	-0.002459717	0.1266144	-0.001328637	0.008193965	0.004188606
55.55	0.99327392	-0.003036499	0.1275818	0.001352585	0.003201844	0.004389514
55.6	0.9932495	-0.004016113	0.1275879	0.00251755	0.001556453	0.006463433
55.65	0.99347534	-0.003637695	0.1268158	0.002126804	-0.003473649	0.002944771
55.7	0.99348756	-0.003646851	0.12622986	0.000664473	-0.012280135	0.003087769
55.75	0.99374696	-0.002093506	0.12524718	0.002385128	-0.006333997	0.002456758
55.8	0.993927	-0.002478027	0.12583922	0.000200113	-0.004438111	0.001998542
55.85	0.99336548	-0.002304077	0.12466124	-0.008761722	-0.013753422	-0.000218787
55.9	0.99337464	-0.003302002	0.12311094	-0.013938409	-0.03016116	0.002148305
55.95	0.99382324	-0.003530884	0.12041014	-0.015687204	-0.033005622	0.003732048
56	0.99382018	-0.004721069	0.11925354	-0.016147718	-0.029208818	0.002606751
56.05	0.99367064	-0.00435791	0.11710816	-0.013737382	-0.010636484	0.003251234
56.1	0.99506224	-0.004745484	0.11636658	-0.004485952	0.009607834	0.003486173
56.15	0.99346312	-0.004757691	0.11690674	0.000182933	0.033872084	0.001649631
56.2	0.99422912	-0.004333496	0.11867372	0.003395064	0.043379842	-9.73196E-05
56.25	0.99423828	-0.004141236	0.11828308	0.002642512	0.03004003	0.000928801
56.3	0.99464722	-0.003945923	0.11809998	0.00192966	0.020969648	0.000374158
56.35	0.99466554	-0.002563477	0.11887208	0.001195627	0.014761648	0.000539603
56.4	0.99724738	-0.002536011	0.1185547	0.003121326	0.014276469	0.00146575
56.45	0.99685064	-0.003137207	0.11776428	0.004295698	0.014748161	0.003090429
56.5	0.9978272	-0.00291748	0.11876526	0.00530063	0.023542691	0.00178727
56.55	0.9966065	-0.003701782	0.11932372	0.003819523	0.021879855	0.002457779
56.6	0.99619756	-0.004293823	0.11931456	0.003501306	0.021427721	0.005228104
56.65	0.99536742	-0.004678345	0.12065734	0.002798809	0.02308109	0.004082006
56.7	0.99475402	-0.005075073	0.12103576	0.002396968	0.016625918	0.001013127
56.75	0.99416198	-0.005285645	0.12062988	0.00117813	0.00829457	0.001161972
56.8	0.99513854	-0.004672241	0.12200928	0.003174008	0.00685362	-0.000459589
56.85	0.99609678	-0.005038452	0.1230072	0.002502033	0.008972246	-0.002757719
56.9	0.99552	-0.005053711	0.12221068	0.003758522	0.007751102	-0.00415515
56.95	0.99588012	-0.004623413	0.12454832	0.002494773	0.013929554	-0.002722919
57	0.99506836	-0.004022217	0.12607726	0.003759555	0.01744941	-0.004543161
57.05	0.994281	-0.003640747	0.1260559	0.002763192	0.01813281	-0.003856887
57.1	0.994104	-0.002859497	0.1260437	0.004013517	0.009998774	-0.004857942
57.15	0.99450072	-0.001861572	0.12721558	0.002491976	0.00569536	-0.002598309
57.2	0.99514464	-0.000695801	0.12606202	0.004171283	0.002814519	-0.001465027
57.25	0.99613036	-0.000881958	0.12609252	0.00264264	-0.000519611	0.001037661
57.3	0.99749146	-0.001837158	0.12633056	0.001647553	-0.012696327	0.002071874
57.35	0.99711	-0.001852417	0.12554626	-0.001267207	-0.011800211	0.00159471
57.4	0.99652712	-0.00206604	0.1247589	-0.001260963	-0.018489925	0.001531008
57.45	0.99612428	-0.002859497	0.12416686	-0.002396154	-0.029039026	-0.001352934
57.5	0.99754936	-0.002468872	0.1228424	-0.001079487	-0.046726206	-0.004519459
57.55	0.9974517	-0.001342773	0.11952514	-0.002058003	-0.050558418	-0.004330611
57.6	0.99867548	-0.002944946	0.11587524	-0.003556235	-0.053207248	-0.002979208
57.65	0.99913936	-0.002987671	0.11238708	-0.005319638	-0.04585609	-0.001075716
57.7	0.99899592	-0.002825928	0.11024474	-0.005555202	-0.034455411	-0.001669734
57.75	0.99743046	-0.003652954	0.10845642	-0.007357945	-0.011871267	0.001298829
57.8	0.9970673	-0.003079224	0.107666	-0.006262593	0.006361801	-0.003622908
57.85	0.9954773	-0.001901245	0.10936582	-0.001639229	0.011098408	-0.00332391
57.9	0.9960266	-0.002258301	0.111322	0.002761499	0.025554745	-0.00409549
57.95	0.9958313	-0.00166625	0.11170348	0.002004869	0.023121804	-0.003197937
58	0.99562072	-0.000665274	0.11324462	0.003763299	0.019985141	-0.005068412
58.05	0.99556578	-0.002026358	0.11422424	0.005918458	0.005687915	-0.003336174
58.1	0.99659118	-0.001037588	0.11365966	0.001565214	-0.00531451	-0.004617957
58.15	0.99542846	-0.000277704	0.11304322	-0.001720084	-0.042253054	-0.0086741
58.2	0.99603576	-0.000677494	0.11209108	-0.009709904	-0.086094031	-0.010042158
58.25	0.9969788	-0.000961307	0.104733286	-0.037654758	-0.162816432	-0.012513593
58.3	0.99673162	-0.00039368	0.088980114	-0.081207849	-0.263358712	-0.014592831
58.35	0.99721382	9.15492E-05	0.066836566	-0.118571165	-0.37629476	-0.019758286
58.4	0.99959124	-0.000662231	0.03814393	-0.120302832	-0.52098334	-0.015527169
58.45	0.99756486	0.000619507	0.004071046	-0.11414141	-0.67161914	-0.014314561
58.5	0.99532178	-0.001400757	-0.04203796	-0.08318851	-0.84963218	-0.018071799
58.55	0.99510816	0.000219727	-0.095700068	-0.040945085	-1.02169302	-0.024489367
58.6	0.98537302	-0.001046753	-0.15212706	0.002900609	-1.177454	-0.01825546
58.65	0.97124634	0.001702882	-0.212200904	0.011830071	-1.32524956	-0.020241476
58.7	0.95299684	0.002658082	-0.2852081	0.012712846	-1.5024806	-0.012589831
58.75	0.93152162	0.002362062	-0.37597654	-0.001025458	-1.595427	0.001530151
58.8	0.8964386	0.002053834	-0.44183958	0.000472235	-1.45322302	0.015091933
58.85	0.86599732	0.002667238	-0.50155944	0.003180885	-1.31752086	0.020040421
58.9	0.8350525	0.001358033	-0.5579773	-0.001715552	-1.19633014	0.026897434
58.95	0.8025757	-0.000866699	-0.60897828	-0.009196439	-1.06756274	0.029875442
59	0.7644623	0.000933838	-0.63255616	-0.001817841	-0.96026214	0.02510541
59.05	0.72580568	-0.001016235	-0.67245484	-0.007529029	-1.10260612	0.023087714
59.1	0.677298	-0.000665283	-0.7217682	-0.015409171	-1.35766268	0.031835568
59.15	0.61571962	-0.001855469	-0.77355652	-0.024831704	-1.6288748	0.043899008
59.2	0.53638002	-0.003967286	-0.82056886	-0.039066904	-1.7891662	0.059951258
59.25	0.44092102	-0.017776491	-0.82206116	-0.051479356	-1.9441768	0.080689245
59.3	0.34848938	-0.018441774	-0.86710206	-0.064172466	-2.1257422	0.112522384
59.35	0.252139274	-0.016668702	-0.9021575	-0.066198822	-2.0550546	0.14091941
59.4	0.168991086	-0.014764405	-0.92383414	-0.054086996	-1.76560392	0.14639076
59.45	0.105599964	-0.009808349	-0.9387847	-0.034265144	-1.43287572	0.14535524
59.5	0.063928217	0.009390261	-0.989215	-0.02196941	-1.08422944	0.142571334
59.55	0.034307861	0.00944214	-0.97562246	-0.005538887	-0.637075582	0.110624649
59.6	0.049688727	0.001464844	-0.99964606	0.036018987	-0.134382562	0.031886509
59.65	0.040972907	0.001168824	-1.0000733	0.035803129	0.039848682	0.00847577
59.7	0.041134649	-0.000588989	-1.0002503	0.038855244	0.110786705	-0.016085529
59.75	0.043060308	-0.004110719	-1.00172736	0.042438817	0.155619622	-0.032550897
59.8	0.042651374	-0.001782227	-1.01711128	0.042675096	0.170370631	-0.032648312
59.85	0.014111328	0.005108642	-0.99032288	0.006686718	-0.006421513	0.003494659
59.9	0.014535522	0.005096435	-0.99147646	0.003752115	-0.004761438	0.003725462
59.95	0.014126586	0.005099487	-0.99090578	0.004457482	-0.002613319	0.004674971
60	0.014541626	0.005090332	-0.99186708	0.003344267	-0.003368149	0.000729119
60.05	0.014505004	0.005508423	-0.9897339	0.003606746	-0.002663509	4.36506E-05
60.1	0.016275024	0.004946899	-0.98968202	0.00236121	-0.000756766	0.000980351
60.15	0.016653442	0.004367065	-0.98947754	0.002617927	-0.00076316	0.000519391
60.2	0.015682984	0.004736328	-0.99008788	0.0016674	-0.000775167	-0.000411049
60.25	0.014691162	0.004727173	-0.99011534	0.002886409	0.001621904	8.82038E-05
60.3	0.014724732	0.004901123	-0.99147642	0.002400625	0.00068455	0.000547631
60.35	0.013330078	0.004882812	-0.99131774	0.002207612	0.000683394	-0.000833938
60.4	0.012557984	0.005252075	-0.9921173	0.001740128	-2.14812E-05	-0.001066597
60.45	0.012948608	0.00526123	-0.99191284	0.002205804	-0.001662234	0.000317029
60.5	0.013540648	0.005075073	-0.99189148	-0.000237325	-0.004520639	0.000508904
60.55	0.014102172	0.004116821	-0.99129028	0.000530274	-0.00286649	-0.000860166
60.6	0.013912964	0.004309082	-0.99149474	-0.000219475	-0.003575732	-0.000176679
60.65	0.014685058	0.004138184	-0.99049988	-0.00094004	-0.002153218	-0.000630577
60.7	0.014886474	0.004733276	-0.98992004	-0.000852142	-0.003134663	-0.003878327
60.75	0.014880372	0.004534912	-0.98992004	0.000116857	-0.002417114	-0.003635093
60.8	0.014898682	0.004721069	-0.99049988	-0.00140132	-0.003828615	-0.001573981
60.85	0.015493774	0.00453186	-0.99067078	-0.001626075	-0.004549209	-0.002275988
60.9	0.015280152	0.004135132	-0.99067382	-0.001399918	-0.005494501	-0.001589262
60.95	0.015289308	0.002938843	-0.99241332	-0.000168086	-0.005258635	-0.002043185
61	0.014294434	0.003323364	-0.99186096	0.002302328	-0.005265267	-0.003186635
61.05	0.013693238	0.003713989	-0.99129944	0.001870303	-0.005284813	-0.005271735
61.1	0.013079834	0.003515625	-0.99073792	0.002562294	-0.002415176	-0.003853668
61.15	0.01271057	0.004089356	-0.99133606	0.002566392	-0.000513215	-0.004067886
61.2	0.01248474	0.00430603	-0.98978578	0.001029069	-0.000471523	-0.000828996
61.25	0.01326599	0.00413208	-0.98917848	-0.001928827	0.000267377	0.000788666
61.3	0.01305847	0.00453186	-0.98840944	-0.001434619	0.001237122	0.001039231
61.35	0.014068602	0.004733276	-0.9889618	-0.002868619	-0.003276497	0.000535207
61.4	0.014260864	0.004943848	-0.98818056	-0.002874799	-0.002065251	0.001248001
61.45	0.014266968	0.005526733	-0.98799134	-0.004301071	-0.002555716	-0.000152755
61.5	0.014071656	0.005316162	-0.98858032	-0.001853329	-0.005647685	-0.000398827
61.55	0.014868164	0.004733276	-0.98913574	0.000316854	-0.005635482	0.000538717
61.6	0.014871216	0.004730225	-0.98933106	0.00108773	-0.000888264	-0.00103381
61.65	0.01428833	0.004718017	-0.98992616	0.000113619	-0.003031372	-0.001058766
61.7	0.014694214	0.003726196	-0.99146426	0.002031258	-0.000161498	0.000134614
61.75	0.014468384	0.003149414	-0.99088442	0.000565043	0.00245472	0.000150131
61.8	0.013867188	0.00274353	-0.99128724	-0.001843889	0.00267907	-0.001018242
61.85	0.01286316	0.002740478	-0.99073182	-0.001852699	-0.001838395	-0.000596652
61.9	0.013269044	0.002734375	-0.99130554	-0.00138389	-0.001830967	9.99772E-05
61.95	0.011434937	0.002746582	-0.98901976	-0.001852791	-0.002551483	-0.000603458
62	0.011657715	0.002932739	-0.98979186	-0.000799766	-0.005906501	-0.003404765
62.05	0.011676025	0.002722168	-0.99076232	0.000651478	-0.005899422	-0.002934004
62.1	0.011688231	0.002716064	-0.9913452	0.001588693	-0.004218656	-0.001525379
62.15	0.011676023	0.003118896	-0.9903778	0.00285976	-0.004687448	-0.002903378
62.2	0.01292114	0.004293823	-0.9913269	0.002374292	-0.006094323	-0.002448545
62.25	0.013711546	0.004104614	-0.9914978	0.003012413	-0.004373969	0.001511588
62.3	0.014108276	0.005108643	-0.99032592	0.002043034	-0.007213836	0.001718157
62.35	0.015872192	0.004544068	-0.98988646	0.001283301	-0.006710875	0.003113177
62.4	0.016296386	0.002151489	-0.99393612	-0.000228148	-0.005748324	0.004731906
62.45	0.01690165	0.000564575	-0.996302233	-0.001767464	-0.005520457	0.004260256
62.5	0.01506042	-0.004516602	-1.009262	-0.003460026	-0.000742818	0.006607851
