    ÿÿÿÿ Èñ<Ùð `çsÿ
0.050000 0.018707 -0.001266 -0.989761 -0.003120 -0.000701 -0.000956
0.100000 0.017400 -0.001302 -0.990453 -0.004796 -0.002273 0.000948
0.150000 0.017151 -0.000134 -0.990210 -0.009015 -0.003552 0.000604
0.200000 0.016553 -0.000140 -0.990033 -0.009007 -0.005934 0.000351
0.250000 0.016183 0.001230 -0.989664 -0.009446 -0.005713 -0.001500
0.300000 0.015579 0.001227 -0.989291 -0.009652 -0.005964 -0.002892
0.350000 0.015576 0.001428 -0.988901 -0.006463 -0.005965 -0.003569
0.400000 0.014960 0.001437 -0.987753 -0.003054 -0.005957 -0.003319
0.450000 0.014786 0.002603 -0.987765 -0.002402 0.000257 -0.000482
0.500000 0.014386 0.002200 -0.988162 -0.000216 0.000253 -0.000473
0.550000 0.015134 0.001639 -0.987769 -0.001505 -0.002116 0.001810
0.600000 0.015302 0.000275 -0.989151 -0.001270 -0.002837 0.001802
0.650000 0.014728 0.000250 -0.989951 -0.003504 -0.003081 0.002708
0.700000 0.014935 0.000253 -0.989755 -0.004403 -0.007883 -0.000585
0.750000 0.015729 0.000259 -0.989175 0.002414 0.002359 -0.000456
0.800000 0.015894 -0.000510 -0.988788 0.008319 0.013288 -0.002873
0.850000 0.016742 -0.000739 -0.988770 0.009284 0.024468 -0.003001
0.900000 0.018835 -0.002246 -0.988376 0.012999 0.028021 -0.005264
0.950000 0.020596 -0.003406 -0.987985 0.012826 0.028960 -0.007800
1.000000 0.020395 -0.004596 -0.988351 -0.001211 0.015195 -0.002449
1.050000 0.024069 -0.008868 -0.988339 -0.006228 0.004066 0.003210
1.100000 0.020923 -0.030002 -0.986963 -0.008922 -0.003352 0.022570
1.150000 0.018799 -0.060556 -0.986765 -0.007635 -0.006021 0.066291
1.200000 0.019321 -0.086957 -0.987158 -0.007237 -0.005726 0.097304
1.250000 0.009717 -0.111472 -0.987762 0.003490 0.004007 0.116200
1.300000 -0.000772 -0.124463 -0.988162 0.001717 0.004205 0.082879
1.350000 0.005499 -0.106909 -0.989557 0.004297 0.012177 0.014251
1.400000 0.003598 -0.084973 -0.990149 -0.008927 0.015825 -0.056356
1.450000 0.005234 -0.058337 -0.990146 -0.026008 0.024218 -0.101488
1.500000 0.027600 -0.025186 -0.989175 -0.038257 0.024456 -0.153840
1.550000 0.027841 0.005750 -0.988788 -0.047603 0.024816 -0.114316
1.600000 0.041531 -0.011401 -0.988770 -0.040767 -0.000929 -0.068232
1.650000 0.042896 -0.004742 -0.988376 -0.021852 -0.008985 0.036623
1.700000 0.014423 -0.008954 -0.987985 -0.022430 -0.010589 0.094919
1.750000 0.009860 -0.000980 -0.988351 -0.019830 -0.016747 0.071048
1.800000 0.018671 -0.014539 -0.988339 -0.004828 -0.020801 0.066925
1.850000 0.017270 0.003418 -0.986963 -0.023343 -0.006626 0.084068
1.900000 0.006723 0.012607 -0.986765 -0.034400 0.004543 0.004968
1.950000 0.016614 0.032349 -0.987158 -0.002622 -0.004643 -0.042394
2.000000 0.013419 0.039755 -0.987762 0.002346 -0.005851 -0.045407
2.050000 0.006656 0.053952 -0.987372 0.000964 -0.002806 -0.103014
2.100000 -0.000726 0.088168 -0.989536 0.006444 -0.006199 -0.188647
2.150000 0.011359 0.101373 -0.990301 0.012958 -0.018305 -0.185271
2.200000 0.028598 0.111063 -0.990509 -0.006131 -0.017138 -0.210131
2.250000 0.029465 0.117456 -0.989908 -0.014268 -0.018618 -0.161144
2.300000 0.034943 0.126456 -0.990692 -0.023408 -0.018507 -0.120246
2.350000 0.027304 0.106219 -0.989328 -0.018728 -0.013886 -0.031327
2.400000 0.027820 0.091821 -0.988358 -0.030581 -0.010443 -0.017248
2.450000 0.023560 0.063669 -0.987753 -0.029593 -0.010117 0.018393
2.500000 0.018307 0.046451 -0.987765 -0.000576 -0.021235 0.073521
2.550000 0.018872 0.026050 -0.988162 0.005220 -0.017556 0.084461
2.600000 0.018097 0.017017 -0.986777 0.006900 -0.017946 0.067345
2.650000 0.017236 0.013675 -0.986765 0.014870 -0.016405 0.052132
2.700000 0.019113 0.017734 -0.987946 0.019130 -0.016436 0.047990
2.750000 0.017703 0.006314 -0.988138 -0.000796 -0.000723 -0.000800
2.800000 0.015283 0.005521 -0.987759 0.000414 -0.000955 -0.000332
2.850000 0.014859 0.004938 -0.988745 -0.000073 -0.000719 -0.000333
2.900000 0.014798 0.003979 -0.987976 -0.001035 0.000227 -0.000792
2.950000 0.014233 0.003561 -0.988940 -0.003021 -0.000272 0.000566
3.000000 0.015213 0.003387 -0.987952 -0.004011 -0.003632 0.001209
3.050000 0.014819 0.003384 -0.987961 -0.005234 -0.004854 0.001408
3.100000 0.014621 0.003583 -0.987769 -0.005946 -0.005846 0.000686
3.150000 0.014459 0.004153 -0.988944 -0.006433 -0.006592 0.000661
3.200000 0.013858 0.004547 -0.988184 -0.005469 -0.006111 0.001134
3.250000 0.012900 0.005106 -0.989191 -0.002557 -0.002294 0.001647
3.300000 0.013687 0.004922 -0.989166 -0.000288 -0.000412 -0.001100
3.350000 0.013495 0.005112 -0.989175 -0.001557 -0.000397 0.000744
3.400000 0.013275 0.004526 -0.988788 -0.000842 -0.001579 0.001431
3.450000 0.014279 0.005124 -0.988770 -0.000277 -0.004697 -0.001371
3.500000 0.014246 0.004150 -0.988376 -0.003959 -0.007074 -0.000487
3.550000 0.014447 0.004550 -0.987985 -0.004007 -0.008486 0.001351
3.600000 0.015250 0.004752 -0.988351 -0.004747 -0.006611 0.001580
3.650000 0.015857 0.005347 -0.988339 -0.003997 -0.006170 0.000880
3.700000 0.015979 0.003604 -0.986963 -0.003511 -0.004771 0.000881
3.750000 0.016199 0.004395 -0.986765 -0.000786 -0.003875 -0.000738
3.800000 0.016217 0.004779 -0.987158 0.001363 -0.000571 0.000900
3.850000 0.015433 0.004565 -0.987762 0.005055 -0.002020 -0.000258
3.900000 0.015421 0.004373 -0.987372 0.004550 -0.001565 0.000422
3.950000 0.014697 0.005313 -0.989536 0.004544 0.000552 0.000657
4.000000 0.014899 0.004916 -0.990301 0.004301 0.000540 0.000648
4.050000 0.014297 0.004706 -0.990509 0.001669 -0.002342 -0.000791
4.100000 0.013705 0.004504 -0.990713 -0.000033 -0.002827 -0.000583
4.150000 0.013727 0.004297 -0.991879 -0.001699 -0.003076 -0.001754
4.200000 0.013684 0.003925 -0.990323 -0.002691 -0.002583 -0.000372
4.250000 0.013287 0.004312 -0.989951 -0.002215 -0.001614 0.000791
4.300000 0.013275 0.003925 -0.989755 -0.001456 -0.003749 0.000540
4.350000 0.014255 0.004736 -0.988379 -0.001946 -0.001118 0.001251
4.400000 0.012848 0.004529 -0.987833 0.000024 -0.001107 0.001258
4.450000 0.012869 0.004913 -0.988419 0.002506 -0.001578 0.000338
4.500000 0.013675 0.005112 -0.988788 0.002079 -0.001584 -0.001288
4.550000 0.014062 0.004727 -0.988773 0.001140 0.001266 -0.002426
4.600000 0.014679 0.004718 -0.989920 0.003637 -0.002303 -0.003836
4.650000 0.015469 0.004532 -0.989899 0.003154 -0.003002 -0.003386
4.700000 0.015649 0.004150 -0.989111 0.000979 -0.002053 -0.003854
4.750000 0.015045 0.003955 -0.989526 0.001890 -0.002729 -0.000850
4.800000 0.015274 0.004736 -0.989932 0.002376 -0.004378 -0.000171
4.850000 0.014258 0.004141 -0.989172 0.000711 -0.002485 -0.001553
4.900000 0.014658 0.004144 -0.989175 0.001441 0.001099 -0.001057
4.950000 0.014468 0.005130 -0.988788 0.001963 0.000150 -0.001760
5.000000 0.015070 0.005328 -0.988770 0.001107 -0.000123 -0.005934
5.050000 0.015253 0.005334 -0.988376 0.000890 -0.000833 -0.006407
5.100000 0.015067 0.005722 -0.987985 0.002541 0.001581 -0.003834
5.150000 0.015097 0.006897 -0.988351 0.002087 -0.001042 -0.004788
5.200000 0.014896 0.006299 -0.988339 0.002333 -0.003648 -0.004351
5.250000 0.015079 0.005518 -0.986963 0.001559 -0.005526 -0.002293
5.300000 0.014471 0.004727 -0.986765 0.000319 -0.004564 -0.001367
5.350000 0.014450 0.004147 -0.987158 -0.001638 -0.006933 -0.000708
5.400000 0.014038 0.002957 -0.986981 -0.000959 -0.004285 0.001631
5.450000 0.015048 0.002762 -0.988370 -0.002462 -0.002602 0.003256
5.500000 0.014645 0.002762 -0.989178 -0.001515 0.001222 0.004451
5.550000 0.013657 0.002551 -0.989365 -0.001246 0.000744 0.003753
5.600000 0.013660 0.003140 -0.989175 -0.002684 -0.001170 0.002802
5.650000 0.013834 0.003751 -0.988788 -0.004345 -0.003805 0.001149
5.700000 0.012576 0.003784 -0.988770 0.007993 -0.001134 0.004943
5.750000 0.011627 0.004144 -0.988376 0.004374 -0.003770 0.003511
5.800000 0.016617 0.020816 -0.987985 0.007320 -0.009161 0.012039
5.850000 0.009573 0.057144 -0.988351 0.008132 -0.012829 0.027281
5.900000 -0.001938 0.099725 -0.988339 0.007199 -0.007116 0.080083
5.950000 -0.014999 0.120047 -0.986963 -0.004899 -0.005724 0.076556
6.000000 -0.034201 0.131409 -0.986765 -0.011726 0.002763 0.067338
6.050000 -0.016293 0.143567 -0.987158 -0.013528 0.007154 0.025485
6.100000 -0.004675 0.116696 -0.987762 0.000549 0.013154 0.001090
6.150000 0.020734 0.089709 -0.987372 -0.001931 0.008228 -0.097077
6.200000 0.008710 0.090649 -0.989536 0.000242 -0.001745 -0.068696
6.250000 0.022482 0.103998 -0.989725 0.000520 -0.012684 -0.015113
6.300000 -0.002051 0.075711 -0.990713 -0.010885 -0.037596 0.074143
6.350000 -0.027567 0.061536 -0.990335 -0.038983 -0.033003 0.139279
6.400000 -0.040662 0.032565 -0.991122 -0.030655 -0.036781 0.220043
6.450000 -0.000168 0.018332 -0.989175 -0.031646 -0.022117 0.183843
6.500000 0.006250 -0.015051 -0.988788 -0.011562 -0.021327 0.162675
6.550000 0.007886 0.000452 -0.988770 -0.007721 0.019040 0.073054
6.600000 0.030768 -0.002991 -0.988376 0.010367 0.009446 0.035583
6.650000 0.023807 0.005560 -0.987985 0.011133 0.021891 0.043105
6.700000 0.007904 -0.010355 -0.988351 0.014336 0.010646 0.114980
6.750000 0.012036 -0.003793 -0.988339 0.015995 0.008523 0.116821
6.800000 0.015753 -0.027386 -0.986963 0.023601 -0.025661 0.125114
6.850000 0.002438 -0.053174 -0.986765 0.030326 -0.030794 0.056384
6.900000 0.004993 -0.109286 -0.987158 0.029461 -0.044185 -0.029354
6.950000 0.010922 -0.136859 -0.987762 0.019726 -0.041218 -0.148316
7.000000 0.009756 -0.143909 -0.987372 -0.002091 -0.040908 -0.216928
7.050000 0.010114 -0.133545 -0.989536 0.008832 -0.043082 -0.223602
7.100000 0.018658 -0.099390 -0.990301 -0.000358 -0.040711 -0.171806
7.150000 0.020520 -0.038690 -0.990509 -0.004893 -0.033663 -0.129892
7.200000 0.014154 -0.002484 -0.990741 0.003159 -0.030541 -0.075444
7.250000 0.009564 0.006693 -0.991568 0.012728 -0.025612 -0.032078
7.300000 0.004712 0.004257 -0.990442 0.002082 -0.002725 0.000465
7.350000 0.006525 0.003064 -0.989508 0.000670 0.002253 -0.001581
7.400000 0.006940 0.004047 -0.990311 -0.001024 0.002009 -0.002055
7.450000 0.007336 0.004651 -0.989722 -0.002987 0.001535 -0.001608
7.500000 0.007736 0.004855 -0.989517 -0.003506 0.002736 -0.000443
7.550000 0.008310 0.004672 -0.988919 -0.003538 0.004890 0.000733
7.600000 0.008542 0.005847 -0.988922 -0.003578 0.008949 0.002158
7.650000 0.009512 0.005472 -0.988315 -0.001883 0.008719 0.002628
7.700000 0.009729 0.005856 -0.988702 -0.000412 0.007769 0.002396
7.750000 0.009735 0.006445 -0.988513 0.000859 0.006803 0.000543
7.800000 0.009775 0.007214 -0.989487 0.000155 0.002510 -0.000425
7.850000 0.009372 0.006421 -0.990073 0.000196 -0.001310 -0.001848
7.900000 0.008167 0.005826 -0.989902 0.000168 -0.004869 -0.000724
7.950000 0.008694 0.004880 -0.987936 0.000675 -0.005351 -0.001420
8.000000 0.009048 0.003720 -0.987140 0.001382 -0.005818 -0.000495
8.050000 0.009998 0.003360 -0.985559 0.001164 -0.002956 -0.001176
8.100000 0.011172 0.003577 -0.984753 0.001420 0.000149 -0.001389
8.150001 0.011789 0.004160 -0.985327 0.001154 0.000647 -0.000240
8.200000 0.011429 0.004730 -0.986313 -0.001269 -0.000774 -0.000509
8.250000 0.011072 0.004904 -0.987878 -0.002424 -0.001258 -0.002614
8.300000 0.010278 0.004300 -0.988483 -0.002453 -0.003390 -0.001477
8.350000 0.008725 0.004660 -0.989502 -0.001751 -0.005520 -0.000335
8.400001 0.008917 0.004272 -0.989493 -0.001239 -0.004575 -0.001250
8.450000 0.008743 0.004449 -0.990472 0.000674 -0.003131 0.000162
8.500000 0.008560 0.004437 -0.991058 0.001063 -0.004763 0.003852
8.550000 0.007581 0.005219 -0.990695 0.002105 -0.002642 0.001331
8.600000 0.008563 0.004642 -0.991049 0.002153 -0.001231 -0.000507
8.650001 0.007556 0.005035 -0.989914 0.002885 -0.001705 -0.000507
8.700000 0.007159 0.005237 -0.989536 0.002159 -0.002422 -0.000749
8.750000 0.006729 0.005450 -0.987799 0.000725 -0.000768 -0.001899
8.800000 0.007712 0.005069 -0.987772 0.000181 -0.000988 0.000178
8.850000 0.007089 0.005084 -0.986230 -0.000144 -0.000961 0.003184
8.900001 0.008109 0.004886 -0.987558 -0.000357 -0.000734 0.002028
8.950000 0.008316 0.004880 -0.988132 0.000154 0.000210 0.001114
9.000000 0.008139 0.005063 -0.988919 0.003576 0.002370 0.001142
9.050000 0.007941 0.004465 -0.989697 0.002634 0.000469 0.000184
9.100000 0.008374 0.004840 -0.991052 0.001230 -0.001918 -0.001707
9.150001 0.007144 0.004648 -0.989532 -0.000267 -0.003797 -0.000123
9.200000 0.007513 0.003876 -0.989130 -0.000275 -0.006872 0.000533
9.250000 0.007706 0.003680 -0.989124 -0.002713 -0.009018 0.000500
9.300000 0.007123 0.004852 -0.988373 -0.001463 -0.007598 -0.000638
9.350000 0.007300 0.004663 -0.987787 0.000973 -0.003786 -0.000590
9.400001 0.008301 0.004666 -0.988345 0.003629 -0.001155 0.000374
9.450000 0.008496 0.004471 -0.988339 0.003157 0.001694 -0.000297
9.500000 0.008487 0.004477 -0.987949 0.002425 0.001693 -0.000301
9.550000 0.009299 0.004282 -0.988895 0.002121 -0.000667 0.001990
9.600000 0.009503 0.003888 -0.989465 0.001877 -0.001381 0.001982
9.650001 0.009326 0.004272 -0.989862 -0.000481 -0.002601 -0.001051
9.700000 0.008755 0.005042 -0.990271 -0.000235 -0.004504 -0.001067
9.750000 0.009738 0.004865 -0.990048 0.001027 -0.004040 -0.002675
9.800000 0.009512 0.004880 -0.988886 0.001505 -0.000466 -0.002409
9.850000 0.009296 0.005087 -0.987921 0.000561 -0.002857 -0.003593
9.900001 0.009451 0.004321 -0.986935 0.000755 -0.003078 -0.001743
9.950000 0.009039 0.003931 -0.986557 -0.001178 -0.000250 -0.002903
10.000000 0.008206 0.002356 -0.986566 -0.004639 -0.002162 -0.001569
10.050000 0.009085 0.003699 -0.989084 -0.000924 -0.003539 0.005131
10.100000 0.007745 0.004245 -0.990680 -0.000227 -0.004258 0.006036
10.150000 0.007364 0.003442 -0.992236 0.002691 -0.005697 0.006021
10.200000 0.006927 0.003268 -0.990494 0.003842 -0.008543 0.008300
10.250000 0.006796 0.004816 -0.991675 0.009193 -0.008545 0.008546
10.300000 0.005124 0.002271 -0.990533 0.005461 -0.009338 0.001792
10.350000 0.006274 0.000726 -0.990295 0.004234 -0.008172 0.001541
10.400000 0.005884 0.001709 -0.988776 0.001784 -0.004390 0.001307
10.450000 0.006125 0.001877 -0.990720 0.002541 -0.002978 0.000159
10.500000 0.006326 0.002274 -0.990524 0.000815 0.000579 0.000398
10.550000 0.004739 0.003250 -0.989212 0.000371 0.003403 -0.001677
10.600000 -0.008661 0.007611 -0.988245 -0.004557 0.006103 0.008956
10.650000 -0.024527 0.006442 -0.990009 -0.004544 0.004021 0.017251
10.700000 -0.048853 0.009311 -0.989511 -0.005146 0.002383 0.048455
10.750000 -0.067157 0.006360 -0.989789 -0.007089 0.001175 0.047963
10.800000 -0.081006 0.010626 -0.995633 -0.014994 -0.003896 0.042306
10.850000 -0.090295 0.006857 -0.991769 -0.011509 0.001470 0.057399
10.900000 -0.083636 0.011954 -0.981909 -0.017807 0.009756 0.028047
10.950000 -0.066019 0.013364 -0.979117 -0.018436 0.007003 -0.012487
11.000000 -0.053101 0.017065 -0.978415 -0.007797 -0.013578 0.000329
11.050000 -0.050223 0.008221 -0.974045 -0.001277 -0.021159 0.030137
11.100000 -0.022717 0.015121 -0.978287 0.005070 -0.012830 -0.024830
11.150000 -0.019620 0.013751 -0.986905 0.016546 -0.016993 0.011282
11.200000 -0.013821 0.011331 -0.989175 0.017155 -0.056827 -0.028416
11.250000 -0.004047 0.011270 -0.988788 0.018686 -0.027792 -0.058692
11.300000 0.018045 0.018011 -0.988770 0.014306 0.009571 -0.114377
11.350000 0.019876 0.003296 -0.988376 0.000994 0.008281 -0.127200
11.400000 0.027328 0.002966 -0.987985 -0.007821 -0.000900 -0.171076
11.450000 0.046503 -0.004733 -0.988351 -0.009956 0.013696 -0.164485
11.500000 0.063718 -0.004590 -0.988339 -0.020890 0.002449 -0.147318
11.550000 0.035608 -0.003082 -0.986963 -0.012335 -0.031634 -0.001138
11.600000 0.034067 -0.001212 -0.986765 -0.005116 -0.043360 0.066807
11.650000 0.057794 -0.002029 -0.987158 0.002557 -0.039377 0.081198
11.700000 0.064233 0.009778 -0.987762 0.008974 -0.003025 0.096107
11.750000 0.067960 0.009848 -0.987372 0.009663 0.001519 0.070451
11.800000 0.086880 0.009479 -0.989536 -0.009665 0.011722 -0.064033
11.850000 0.083774 0.019876 -0.990301 -0.001468 -0.011055 -0.086905
11.900000 0.059967 0.019421 -0.990509 -0.002591 -0.008055 -0.072324
11.950000 0.035654 0.014261 -0.989386 -0.006526 -0.017306 -0.043524
12.000000 0.009915 0.013553 -0.989838 -0.008382 -0.021583 -0.019536
12.050000 0.009970 0.010074 -0.987930 0.007914 -0.023978 0.000653
12.100000 0.007193 0.006396 -0.987601 0.000915 -0.001155 -0.002659
12.150000 0.005725 0.005637 -0.987058 -0.002503 -0.001380 -0.002459
12.200000 0.006299 0.004462 -0.987424 -0.004149 0.001232 -0.004768
12.250000 0.005914 0.004449 -0.988016 -0.004156 0.001949 -0.004530
12.300000 0.007147 0.004630 -0.990125 -0.002956 0.002910 -0.003821
12.350000 0.007358 0.004822 -0.990509 -0.002018 0.002925 -0.002427
12.400000 0.007367 0.004816 -0.990900 -0.000305 0.003879 -0.002641
12.450000 0.006995 0.005399 -0.991299 0.002378 0.003883 -0.002626
12.500000 0.007199 0.005597 -0.991296 0.004073 0.003415 -0.002158
12.550000 0.005997 0.006192 -0.989777 0.000435 0.001024 -0.002894
12.600000 0.006561 0.005820 -0.988788 0.001186 -0.000409 -0.003597
12.650000 0.007547 0.005835 -0.988565 -0.000989 -0.003274 -0.004330
12.700000 0.007117 0.004855 -0.987988 -0.001741 -0.001602 -0.003625
12.750000 0.007480 0.004288 -0.986999 -0.002755 -0.000877 -0.002236
12.800000 0.007654 0.003705 -0.986603 -0.001547 -0.001822 -0.001775
12.850000 0.006473 0.003293 -0.987408 -0.001540 -0.003252 -0.002019
12.900000 0.005884 0.003284 -0.987619 -0.000840 -0.001812 -0.000845
12.950000 0.006699 0.004068 -0.987991 -0.000341 -0.004174 -0.001105
13.000000 0.006903 0.003470 -0.989151 0.000882 -0.005105 -0.001116
13.050000 0.007132 0.004449 -0.989539 0.002380 -0.002924 -0.002020
13.100000 0.007526 0.004654 -0.989142 0.000933 -0.000741 -0.002247
13.150000 0.007162 0.004626 -0.990707 0.001007 -0.000241 -0.004562
13.200000 0.006186 0.004813 -0.990930 -0.000415 0.000749 -0.005483
13.250000 0.005807 0.005392 -0.990945 -0.001599 0.001741 -0.006170
13.300000 0.005798 0.005002 -0.990942 -0.002811 0.002000 -0.006173
13.350000 0.006216 0.005392 -0.991513 -0.002830 0.000630 -0.004789
13.400000 0.006760 0.004639 -0.990128 -0.001168 0.000699 -0.002457
13.450000 0.007736 0.004059 -0.990289 0.000274 -0.000693 -0.001298
13.500000 0.007535 0.003461 -0.990872 0.001961 -0.002060 0.000102
13.550000 0.007315 0.002872 -0.990488 0.002673 -0.002953 0.001501
13.600000 0.008078 0.002100 -0.990076 0.003656 -0.003167 0.001512
13.650000 0.007721 0.003067 -0.990677 0.000474 -0.003598 0.002432
13.700000 0.006760 0.003635 -0.991290 -0.001250 -0.003787 0.003594
13.750000 0.006760 0.003833 -0.991098 -0.002423 -0.000929 0.002001
13.800000 0.006583 0.004019 -0.991879 -0.001943 0.000068 0.002724
13.850000 0.005203 0.004401 -0.991724 -0.004380 -0.003463 0.003159
13.900000 0.005402 0.004404 -0.991718 -0.001692 -0.002012 0.003196
13.950000 0.005383 0.004019 -0.991327 -0.001637 -0.002228 0.001594
14.000000 0.005994 0.004218 -0.991891 -0.002101 -0.002435 0.001146
14.050000 0.005988 0.004019 -0.991891 -0.003989 -0.001724 -0.001158
14.100000 0.006403 0.004410 -0.992273 -0.002244 0.001143 -0.002496
14.150000 0.006766 0.004233 -0.990903 -0.002445 -0.002181 -0.003901
14.200000 0.006741 0.004248 -0.989737 -0.000304 -0.000253 -0.002016
14.250000 0.005920 0.003860 -0.988788 0.001349 -0.001417 -0.000158
14.300000 0.005893 0.003281 -0.988202 0.001542 -0.003301 0.001680
14.350000 0.006454 0.002310 -0.987793 0.002286 -0.003300 0.000998
14.400000 0.006683 0.002493 -0.989148 0.003251 0.001944 0.001058
14.450000 0.007480 0.002695 -0.989130 0.001112 0.000260 -0.001276
14.500000 0.007486 0.002890 -0.989130 0.003566 0.005260 -0.002136
14.550000 0.009595 0.001175 -0.987698 0.010592 0.011001 -0.000650
14.600000 0.020514 0.001886 -0.987988 0.019963 0.021059 0.004355
14.650000 0.025214 -0.000412 -0.988037 0.020025 0.016844 0.011033
14.700000 0.049783 -0.001315 -0.988730 0.019281 0.014384 -0.025083
14.750000 0.071378 0.002310 -0.984094 0.012490 0.009123 -0.053857
14.800000 0.099960 0.004590 -0.983539 0.002317 0.010198 -0.065930
14.850000 0.103943 0.006607 -0.983221 -0.006270 0.015361 -0.073561
14.900000 0.108438 0.016852 -0.983359 -0.012585 0.016296 -0.074741
14.950000 0.086795 0.007019 -0.983426 -0.018675 0.029877 0.006338
15.000000 0.069110 -0.006934 -0.987616 -0.025607 0.016277 0.055698
15.050000 0.041870 -0.009564 -0.989175 -0.020459 0.033740 0.090599
15.100000 0.026102 -0.016818 -0.988788 -0.018032 0.037886 0.127215
15.150000 0.019681 -0.024933 -0.988770 -0.009036 0.052983 0.136895
15.200000 0.009772 -0.015433 -0.988376 0.004391 0.016986 0.128091
15.250000 0.020975 -0.008218 -0.987985 0.008001 0.052924 0.101606
15.300000 0.013516 -0.005307 -0.988351 0.007395 0.011001 0.097757
15.350000 0.024371 -0.004562 -0.988339 -0.006539 -0.039635 0.054200
15.400000 0.018851 0.000925 -0.986963 -0.012631 -0.022842 0.044155
15.450000 0.029797 0.003256 -0.986954 -0.016499 0.000848 0.033023
15.500000 0.022067 0.005026 -0.988336 -0.015554 -0.007315 0.052185
15.550000 0.022388 -0.004794 -0.988562 -0.012932 0.009901 0.035491
15.600000 0.008896 -0.004141 -0.988959 -0.008710 0.063575 0.049437
15.650000 0.004300 -0.013510 -0.989175 -0.011365 0.017772 0.040003
15.700000 0.004330 -0.010803 -0.988788 -0.013452 -0.010065 -0.009294
15.750000 -0.020108 -0.010645 -0.988770 -0.010035 -0.040616 -0.017877
15.800000 -0.023965 -0.000424 -0.988376 -0.016182 -0.050160 -0.016151
15.850000 -0.028714 0.004083 -0.987985 -0.007733 -0.078228 -0.012429
15.900000 -0.028287 0.005460 -0.988351 0.002704 -0.059657 -0.011055
15.950000 -0.031638 0.001837 -0.988339 0.001959 -0.028596 0.006544
16.000000 -0.019366 0.001193 -0.986963 0.004427 -0.009611 0.004605
16.049999 -0.028418 -0.007098 -0.986765 0.006520 0.007053 0.007743
16.100000 -0.038852 -0.001230 -0.987158 0.007113 0.014136 0.030684
16.150000 -0.030310 0.001434 -0.987762 -0.003834 0.008449 0.038405
16.200001 -0.029031 0.000720 -0.987372 -0.001860 0.003516 0.046691
16.250000 -0.022415 0.002930 -0.989536 0.001373 0.004208 0.044401
16.299999 0.026096 -0.010602 -0.990301 0.003423 -0.023852 0.018325
16.350000 0.045590 -0.017059 -0.990509 0.003725 -0.019838 -0.011254
16.400000 0.045142 -0.017419 -0.990109 0.008721 -0.020584 -0.015629
16.450001 0.044064 -0.016513 -0.992661 0.005804 -0.017973 -0.016085
16.500000 0.044614 -0.016473 -0.990900 0.002412 -0.022743 -0.016841
16.549999 0.014325 0.004300 -0.992072 0.001371 -0.001679 -0.001004
16.600000 0.014694 0.003729 -0.991275 -0.001989 -0.007647 -0.002928
16.650000 0.014102 0.003311 -0.992261 -0.001047 -0.004298 -0.001735
16.700001 0.013867 0.002939 -0.990906 -0.000539 -0.005013 -0.002433
16.750000 0.013675 0.002737 -0.991486 -0.001791 -0.002619 -0.001262
16.799999 0.013443 0.002954 -0.989746 -0.001115 -0.002593 0.000824
16.850000 0.013290 0.003723 -0.990729 -0.002916 -0.001132 0.004298
16.900000 0.013278 0.004132 -0.989563 -0.002116 -0.000674 0.001762
16.950001 0.013684 0.004727 -0.989166 0.001047 0.001478 0.002030
17.000000 0.013525 0.005292 -0.990344 0.002771 0.002404 0.001087
17.049999 0.013321 0.005093 -0.990350 0.002563 0.000940 -0.000582
17.100000 0.013089 0.004712 -0.989380 0.003392 0.002074 -0.004536
17.150000 0.013098 0.004904 -0.989578 0.002180 -0.002237 -0.005080
17.200001 0.012671 0.004126 -0.989194 0.000209 -0.003447 -0.004675
17.250000 0.013031 0.003564 -0.988013 -0.001746 -0.006303 -0.004480
17.299999 0.013852 0.003558 -0.989154 -0.001080 -0.004161 -0.002407
17.350000 0.013684 0.003732 -0.990524 0.000097 -0.005832 -0.001059
17.400000 0.013480 0.003339 -0.990720 0.001076 -0.003951 -0.001532
17.450001 0.013309 0.003516 -0.991696 0.000144 -0.004240 -0.003674
17.500000 0.012918 0.003699 -0.991904 0.000375 -0.003081 -0.003714
17.549999 0.012326 0.004480 -0.991342 -0.001337 -0.003808 -0.003750
17.600000 0.012720 0.004489 -0.990942 -0.001621 -0.003818 -0.002633
17.650000 0.013696 0.004507 -0.990140 -0.003649 -0.004771 -0.000146
17.700001 0.013702 0.004706 -0.990140 -0.002044 -0.003564 0.003315
17.750000 0.012927 0.004489 -0.991324 0.000148 -0.002389 0.003076
17.799999 0.012289 0.003320 -0.990555 0.002341 -0.001215 0.002838
17.850000 0.012112 0.003107 -0.991916 0.004065 -0.000759 0.001904
17.900000 0.011145 0.003284 -0.992914 0.005076 -0.000787 0.000269
17.950001 0.010925 0.003088 -0.992340 0.006284 0.000876 0.000512
18.000000 0.011102 0.002905 -0.991360 0.005094 0.000849 -0.000903
18.049999 0.011725 0.003494 -0.991931 0.003924 0.000102 -0.003019
18.100000 0.011700 0.003510 -0.990765 0.001973 0.001996 -0.003254
18.150000 0.011896 0.003708 -0.990375 0.000726 0.004608 -0.002561
18.200001 0.012473 0.003329 -0.989966 -0.001200 0.003395 -0.003758
18.250000 0.012665 0.003931 -0.989191 -0.002185 0.003153 -0.003542
18.299999 0.012674 0.004321 -0.989194 -0.001754 0.005068 -0.001687
18.350000 0.013504 0.004703 -0.990537 -0.002234 0.003865 -0.002180
18.400000 0.014099 0.004520 -0.990518 -0.002491 0.000534 -0.001756
18.450001 0.014124 0.004709 -0.991296 -0.003141 -0.000453 -0.005023
18.500000 0.014905 0.004129 -0.991272 -0.003403 -0.000693 -0.004579
18.549999 0.015280 0.003751 -0.990674 -0.002648 -0.003558 -0.005534
18.600000 0.014832 0.002985 -0.989127 -0.002440 -0.004026 -0.004393
18.650000 0.014053 0.003552 -0.989542 0.000018 -0.002367 -0.005302
18.700001 0.014648 0.003754 -0.989334 0.000447 -0.001634 -0.003216
18.750000 0.014038 0.003357 -0.989154 0.003070 -0.002089 -0.001134
18.799999 0.013086 0.004309 -0.990161 0.000599 -0.000181 -0.000216
18.850000 0.013126 0.004684 -0.991519 0.000392 -0.001860 -0.001626
18.900000 0.012927 0.004684 -0.991327 -0.000364 -0.000902 -0.000937
18.950001 0.012869 0.004129 -0.989188 0.000366 0.001953 -0.001147
19.000000 0.012286 0.004510 -0.989398 -0.003785 0.001711 -0.001179
19.049999 0.011884 0.004907 -0.988632 -0.006411 -0.005213 -0.003346
19.100000 0.011786 0.008417 -0.989246 -0.017222 -0.013531 -0.000481
19.150000 0.010498 0.017551 -0.992844 -0.025031 -0.021870 -0.000371
19.200001 0.005777 0.015289 -0.997226 -0.027394 -0.028168 -0.012479
19.250000 0.001480 0.002884 -1.014358 -0.040218 -0.016253 -0.035120
19.299999 -0.002008 0.004596 -1.044012 -0.034024 0.020287 -0.048872
19.350000 0.020746 -0.003641 -1.107879 -0.059017 0.035974 -0.100008
19.400000 0.023254 -0.007462 -1.146664 -0.036870 0.077036 -0.090030
19.450001 0.031686 -0.019949 -1.194363 -0.064745 0.084560 -0.069757
19.500000 0.041901 -0.013535 -1.220379 -0.045852 0.059755 -0.000466
19.549999 0.046658 -0.027658 -1.227347 0.007877 0.062462 0.079220
19.600000 0.011566 -0.021780 -1.182846 0.106313 0.099967 0.183070
19.650000 0.012451 -0.025616 -1.163351 0.129361 0.144211 0.150279
19.700001 0.027310 -0.003326 -1.118597 0.212810 0.210131 0.057166
19.750000 0.048825 0.015326 -1.073828 0.254296 0.341646 -0.092041
19.799999 0.082315 0.035104 -1.013391 0.262213 0.433972 -0.253128
19.850000 0.124188 0.029892 -0.956247 0.267185 0.477777 -0.357751
19.900000 0.136905 0.021762 -0.873630 0.336561 0.477864 -0.333765
19.950001 0.146564 -0.009998 -0.813861 0.343610 0.403523 -0.239997
20.000000 0.137228 -0.041205 -0.755386 0.358142 0.243336 -0.113878
20.049999 0.128223 -0.076187 -0.744690 0.284494 0.064001 -0.037938
20.100000 0.119119 -0.095197 -0.739166 0.276577 -0.125576 0.052619
20.150000 0.121548 -0.117798 -0.777042 0.182158 -0.196385 0.027157
20.200001 0.106235 -0.122504 -0.808328 0.180210 -0.246029 0.037340
20.250000 0.110602 -0.132193 -0.847992 0.116641 -0.222622 -0.021803
20.299999 0.108496 -0.134317 -0.872720 0.136112 -0.173086 -0.021246
20.350000 0.118600 -0.142340 -0.909906 0.082141 -0.086080 -0.075825
20.400000 0.126801 -0.142426 -0.922903 0.069763 -0.094995 -0.059778
20.450001 0.138458 -0.146301 -0.944333 -0.002384 -0.024226 -0.091235
20.500000 0.142764 -0.144086 -0.957837 0.006069 -0.008147 -0.051939
20.549999 0.143692 -0.146747 -0.967319 -0.005894 -0.002199 -0.024417
20.600000 0.134082 -0.145532 -0.970889 -0.012365 0.020287 -0.011061
20.650000 0.132019 -0.146820 -0.977737 -0.021278 0.014369 -0.006073
20.700001 0.129269 -0.143884 -0.975500 -0.000028 -0.005668 0.011679
20.750000 0.127094 -0.147690 -0.980005 -0.005905 -0.010512 0.003504
20.799999 0.127417 -0.145251 -0.973791 0.011519 -0.015758 -0.000149
20.850000 0.128683 -0.146548 -0.969473 0.014776 -0.021256 -0.003189
20.900000 0.129419 -0.146902 -0.967123 0.027929 -0.013378 -0.002581
20.950001 0.129999 -0.149673 -0.969809 0.016580 0.001236 -0.016395
21.000000 0.128503 -0.151215 -0.966727 0.019291 0.011939 -0.017671
21.049999 0.123941 -0.153253 -0.968781 0.001108 0.032261 -0.031469
21.100000 0.125851 -0.154376 -0.966583 -0.006182 0.024158 -0.032276
21.150000 0.124103 -0.153821 -0.967602 -0.025403 0.028403 -0.034193
21.200001 0.127176 -0.149475 -0.967160 -0.029333 0.005810 -0.032567
21.250000 0.130322 -0.146371 -0.971765 -0.037003 0.009806 -0.037662
21.299999 0.135953 -0.145166 -0.974149 -0.035120 -0.003730 -0.034767
21.350000 0.138858 -0.143228 -0.977975 -0.025534 0.001341 -0.028421
21.400000 0.140787 -0.141382 -0.973270 -0.004133 0.013378 -0.017087
21.450001 0.140344 -0.143744 -0.973849 -0.006437 0.030545 -0.013474
21.500000 0.140112 -0.143127 -0.971332 0.004856 0.024043 0.002263
21.549999 0.139279 -0.145096 -0.971729 0.002063 0.023921 0.015435
21.600000 0.135568 -0.141995 -0.970877 0.005740 0.024873 0.014770
21.650000 0.139557 -0.145941 -0.976572 -0.006736 0.013362 0.007192
21.700001 0.138104 -0.146707 -0.974274 0.006504 0.011621 0.022983
21.750000 0.139432 -0.148837 -0.973834 0.007089 0.020630 0.019135
21.799999 0.138031 -0.146661 -0.970776 0.014935 0.020712 0.026815
21.850000 0.138535 -0.149179 -0.969382 0.010747 0.031663 0.028048
21.900000 0.133499 -0.147397 -0.963702 0.017479 0.039082 0.031623
21.950001 0.134839 -0.145966 -0.959982 0.008804 0.035140 0.018583
22.000000 0.136627 -0.147543 -0.962256 -0.008978 0.024549 0.008670
22.049999 0.144983 -0.148465 -0.964944 -0.011340 0.020637 -0.003175
22.100000 0.150974 -0.149225 -0.967886 -0.009594 0.021586 -0.004542
22.150000 0.157614 -0.149612 -0.972955 -0.013823 0.011148 -0.001187
22.200001 0.158441 -0.150616 -0.975650 -0.003602 0.021973 0.008689
22.250000 0.154398 -0.150211 -0.971292 0.013068 0.026429 0.023864
22.299999 0.149008 -0.151038 -0.970261 0.008025 0.035205 0.020679
22.350000 0.150037 -0.151843 -0.972955 -0.008445 0.028163 0.007339
22.400000 0.152975 -0.151389 -0.970935 0.009668 0.030793 0.005152
22.450001 0.158115 -0.149731 -0.968472 0.011858 0.033573 -0.003832
22.500000 0.161270 -0.148291 -0.966064 0.007707 0.047289 -0.013215
22.549999 0.167593 -0.146021 -0.962610 0.003039 0.051966 -0.021298
22.600000 0.166129 -0.148172 -0.961270 0.008959 0.056636 -0.005721
22.650000 0.163919 -0.148975 -0.960739 0.001061 0.057045 -0.011546
22.700001 0.165485 -0.150134 -0.960883 -0.001539 0.041071 -0.014251
22.750000 0.172183 -0.149240 -0.957986 0.008297 0.030589 -0.016836
22.799999 0.173645 -0.145239 -0.938147 0.031190 0.025486 -0.006112
22.850000 0.177771 -0.133182 -0.903909 0.020465 0.042279 -0.015969
22.900000 0.182483 -0.122308 -0.870621 -0.043777 0.061878 -0.022627
22.950001 0.178586 -0.111401 -0.842618 -0.139323 0.076541 -0.017240
23.000000 0.175400 -0.109033 -0.839026 -0.261026 0.079120 -0.027842
23.049999 0.179767 -0.094531 -0.841153 -0.334758 0.038255 -0.006875
23.100000 0.180136 -0.092242 -0.874786 -0.407782 0.024277 -0.012962
23.150000 0.175439 -0.070190 -0.889642 -0.391249 -0.018274 0.017284
23.200001 0.175439 -0.056921 -0.921225 -0.361100 -0.018445 0.020918
23.250000 0.188275 -0.030756 -0.935645 -0.316819 -0.054911 0.035176
23.299999 0.184207 -0.033508 -0.962170 -0.326943 -0.024511 0.029842
23.350000 0.183768 -0.008826 -0.959830 -0.232318 -0.009431 0.076318
23.400000 0.181314 -0.012503 -0.969788 -0.188200 -0.004182 0.123118
23.450001 0.187842 -0.012616 -0.969223 -0.116851 -0.055168 0.183905
23.500000 0.165076 -0.023370 -0.964511 -0.035800 -0.068206 0.255039
23.549999 0.165433 -0.013062 -0.969431 0.046467 -0.149146 0.291551
23.600000 0.153745 -0.023929 -0.982300 0.035210 -0.227350 0.303736
23.650000 0.154367 -0.029294 -1.017819 -0.011612 -0.242204 0.221432
23.700001 0.132385 -0.027499 -1.026196 -0.031046 -0.231735 0.145294
23.750000 0.136911 -0.007074 -1.038467 -0.052283 -0.203172 0.017712
23.799999 0.115802 0.004813 -1.039117 -0.087257 -0.161739 -0.052910
23.850000 0.112167 0.007068 -1.042731 -0.133144 -0.127806 -0.134998
23.900000 0.076434 0.016434 -1.029367 -0.099333 -0.136116 -0.085602
23.950001 0.082632 0.024088 -1.032367 -0.126611 -0.156803 -0.105146
24.000000 0.062997 0.012674 -1.035529 -0.125369 -0.181137 -0.032706
24.049999 0.065024 -0.003104 -1.046246 -0.115154 -0.169547 -0.041106
24.100000 0.066217 0.000485 -1.042157 -0.041435 -0.183729 -0.015142
24.150000 0.081259 -0.001120 -1.043103 -0.003165 -0.172251 -0.014363
24.200001 0.074661 0.000433 -1.038623 0.043965 -0.139445 0.001235
24.250000 0.081149 0.011612 -1.042029 0.062953 -0.097700 -0.016560
24.299999 0.071552 0.025668 -1.022168 0.085754 -0.154881 -0.001219
24.350000 0.046552 0.018109 -1.010928 0.059768 -0.151858 0.021571
24.400000 0.050696 0.028107 -0.998639 0.047338 -0.160932 -0.005883
24.450001 0.036057 0.023083 -0.996277 0.031303 -0.185951 0.019484
24.500000 0.019403 0.018390 -0.982501 0.016515 -0.211144 0.025652
24.549999 0.013376 0.012015 -0.985730 0.005660 -0.125618 0.037243
24.600000 0.018430 0.020227 -0.990121 0.014517 -0.100965 0.024789
24.650000 0.005133 0.008292 -0.993506 -0.004743 -0.065544 0.023384
24.700001 0.008115 0.009116 -0.992847 0.001183 -0.020909 0.010633
24.750000 0.013708 0.001328 -0.994586 0.009825 0.000721 0.006249
24.799999 0.013281 0.001346 -0.993042 0.009854 0.008086 0.004928
24.850000 0.013443 0.000577 -0.992255 0.004232 0.011886 0.005162
24.900000 0.014651 0.001965 -0.991650 0.007363 0.009917 -0.002474
24.950001 0.013071 0.001947 -0.991888 0.005369 0.007310 -0.000889
25.000000 0.010730 0.004678 -0.990414 -0.001007 0.003028 0.000425
25.049999 0.011670 0.003128 -0.989798 0.000189 -0.002918 0.001304
25.100000 0.011057 0.002737 -0.989230 0.001426 -0.004357 0.000605
25.150000 0.011060 0.002545 -0.989423 -0.001035 -0.005551 0.001275
25.200001 0.010251 0.002142 -0.989249 0.000915 -0.006268 0.001281
25.250000 0.009891 0.002905 -0.990234 0.002122 -0.003652 0.001544
25.299999 0.009552 0.003464 -0.992188 -0.000305 -0.001993 0.001082
25.350000 0.009735 0.002875 -0.992371 -0.001276 0.000860 0.000871
25.400000 0.009720 0.003076 -0.991596 -0.000757 0.002041 -0.000272
25.450001 0.009766 0.003845 -0.992764 -0.000965 0.003219 -0.001651
25.500000 0.010342 0.003668 -0.992163 -0.002165 0.003211 -0.002352
25.549999 0.009885 0.002512 -0.990613 0.000519 0.002264 -0.002345
25.600000 0.009320 0.004074 -0.990253 -0.000198 0.000117 -0.002832
25.650000 0.009143 0.003265 -0.991998 0.002228 0.001077 -0.002347
25.700001 0.009534 0.003278 -0.991595 -0.000659 -0.001557 -0.003775
25.750000 0.008737 0.003070 -0.991617 -0.000449 -0.004876 -0.002416
25.799999 0.008960 0.003848 -0.992004 -0.003113 -0.004410 -0.003121
25.850000 0.009164 0.003448 -0.992770 -0.002875 -0.004169 -0.002886
25.900000 0.009369 0.004639 -0.991806 -0.004074 -0.006557 -0.003609
25.950001 0.008734 0.004056 -0.990851 0.000971 -0.003906 -0.000780
26.000000 0.009344 0.004254 -0.991223 0.001977 -0.002962 -0.001923
26.049999 0.009131 0.004062 -0.990649 0.001954 -0.003677 -0.001233
26.100000 0.009692 0.003296 -0.989853 0.002626 -0.003902 0.000854
26.150000 0.008487 0.003290 -0.989105 0.001888 -0.002958 0.000861
26.200001 0.008728 0.003864 -0.990268 0.000871 -0.003430 0.002242
26.250000 0.009109 0.003677 -0.989868 -0.001306 -0.001782 0.001323
26.299999 0.008728 0.003867 -0.990265 -0.001282 -0.001076 0.000403
26.350000 0.009723 0.003482 -0.990820 -0.001531 -0.002026 0.000625
26.400000 0.011115 0.002701 -0.991943 -0.000114 0.001324 0.002283
26.450001 0.011496 0.002719 -0.991156 -0.000557 0.002015 0.000439
26.500000 0.011499 0.003116 -0.990771 0.000671 0.001532 -0.000019
26.549999 0.012720 0.003500 -0.991910 0.002393 0.001761 -0.000698
26.600000 0.010757 0.004062 -0.992157 0.000477 0.002927 -0.002313
26.650000 0.009979 0.005038 -0.991602 -0.003130 -0.000436 -0.004441
26.700001 0.009973 0.005234 -0.991217 -0.006038 -0.002828 -0.005171
26.750000 0.009381 0.005426 -0.991232 -0.008475 -0.003311 -0.005417
26.799999 0.008539 0.005054 -0.989307 -0.007816 -0.003763 -0.002868
26.850000 0.009485 0.004297 -0.988113 -0.005627 -0.005185 -0.002636
26.900000 0.009866 0.003714 -0.988098 -0.003216 -0.004696 -0.001688
26.950001 0.009662 0.002921 -0.988873 -0.000763 -0.003269 -0.002351
27.000000 0.010074 0.003107 -0.989447 0.001180 -0.001834 -0.002093
27.049999 0.010510 0.003687 -0.990604 -0.002440 -0.000424 -0.003715
27.100000 0.010941 0.004062 -0.991956 -0.003639 0.001235 -0.004628
27.150000 0.010144 0.003662 -0.992169 -0.001927 0.001237 -0.004847
27.200001 0.010141 0.004059 -0.991589 -0.002209 0.000301 -0.003464
27.250000 0.010117 0.003485 -0.991003 -0.002936 -0.001126 -0.003706
27.299999 0.009506 0.003091 -0.990820 0.000014 -0.000175 -0.004604
27.350000 0.008713 0.003882 -0.989682 0.000243 0.000786 -0.004125
27.400000 0.009119 0.003677 -0.990448 -0.000023 0.002939 -0.003406
27.450001 0.009122 0.003879 -0.990256 0.000473 0.005559 -0.003836
27.500000 0.009320 0.004074 -0.990057 0.001934 0.007470 -0.003804
27.549999 0.010294 0.003891 -0.989453 0.001372 0.005595 -0.001040
27.600000 0.010287 0.003299 -0.989838 0.002110 0.005125 -0.001264
27.650000 0.010504 0.004483 -0.989450 0.002842 0.004419 -0.001258
27.700001 0.010718 0.004480 -0.990024 0.000885 0.003470 -0.001042
27.750000 0.010715 0.004288 -0.990021 0.000390 0.004669 -0.000794
27.799999 0.010312 0.004092 -0.989835 -0.000066 0.003953 -0.001950
27.850000 0.011115 0.004489 -0.990009 0.000669 0.000388 -0.001974
27.900000 0.011087 0.003513 -0.989807 -0.000533 0.002294 -0.002648
27.950001 0.011682 0.003122 -0.990176 0.000983 0.000384 -0.004498
28.000000 0.010883 0.003119 -0.989810 0.001181 -0.002688 -0.002669
28.049999 0.010526 0.003885 -0.990796 0.001013 -0.001274 -0.005424
28.100000 0.010513 0.003497 -0.990601 -0.000444 0.000636 -0.005636
28.150000 0.010312 0.004095 -0.989639 0.000510 -0.001490 -0.004719
28.200001 0.009689 0.003903 -0.988687 -0.001513 -0.002169 -0.001949
28.250000 0.010495 0.003503 -0.989829 -0.002484 0.003551 -0.002123
28.299999 0.011060 0.002734 -0.989423 -0.001560 0.000722 -0.000056
28.350000 0.009479 0.003107 -0.989273 -0.001292 -0.001176 -0.000755
28.400000 0.009473 0.002512 -0.989661 -0.000995 -0.000942 -0.002592
28.450001 0.009299 0.002695 -0.990634 -0.000939 0.000949 -0.004652
28.500000 0.009314 0.003085 -0.990829 -0.000905 -0.004759 -0.005618
28.549999 0.008728 0.003665 -0.990460 -0.002366 -0.003321 -0.005603
28.600000 0.010681 0.003113 -0.989819 -0.002429 0.001950 -0.003230
28.650000 0.010474 0.002524 -0.990207 -0.004158 0.002683 -0.002296
28.700001 0.010864 0.003122 -0.989429 -0.002765 0.002724 0.000500
28.750000 0.011407 0.002563 -0.987662 -0.003761 0.001792 0.001422
28.799999 0.012009 0.002963 -0.987650 -0.003770 0.003000 0.001906
28.850000 0.011041 0.003137 -0.988455 -0.005703 -0.001284 0.001399
28.900000 0.011688 0.004498 -0.989224 -0.007148 -0.004371 0.000911
28.950001 0.012103 0.004300 -0.989984 -0.006080 -0.006051 -0.002328
29.000000 0.011526 0.004880 -0.990198 -0.003421 -0.003889 -0.001362
29.049999 0.010733 0.004675 -0.990405 -0.002696 -0.005297 -0.000897
29.100000 0.010535 0.004874 -0.990024 0.000753 -0.003621 -0.002009
29.150000 0.010095 0.003708 -0.989252 0.001012 -0.004331 -0.002471
29.200001 0.009482 0.003317 -0.988876 -0.000010 -0.002159 -0.000596
29.250000 0.009109 0.003094 -0.990247 0.000263 -0.002389 -0.001511
29.299999 0.009308 0.002499 -0.990823 0.000748 -0.002855 -0.001276
29.350000 0.008493 0.002103 -0.990454 0.000039 -0.002371 -0.001960
29.400000 0.008887 0.002304 -0.990250 -0.000733 0.000275 -0.000310
29.450001 0.008676 0.002304 -0.989868 -0.001393 -0.000931 -0.002864
29.500000 0.009082 0.002505 -0.990051 -0.003322 0.000266 -0.003547
29.549999 0.008682 0.002899 -0.989481 -0.003088 0.002666 -0.003050
29.600000 0.009491 0.003098 -0.989850 -0.003841 0.003878 -0.002107
29.650000 0.009515 0.004074 -0.989856 -0.001147 0.003658 -0.002315
29.700001 0.009320 0.004071 -0.989862 0.000056 0.006775 -0.001575
29.750000 0.008691 0.003882 -0.988715 0.001030 0.006080 -0.001334
29.799999 0.009897 0.003885 -0.989459 -0.001103 0.003217 -0.003443
29.850000 0.009296 0.003683 -0.989474 -0.000362 0.002034 -0.003675
29.900000 0.009091 0.003290 -0.989673 -0.000608 0.001100 -0.003442
29.950001 0.009286 0.003094 -0.989862 -0.000169 -0.002909 -0.001381
30.000000 0.010123 0.003870 -0.991013 0.000358 -0.004103 -0.002771
30.049999 0.010095 0.003094 -0.990619 0.004270 -0.004082 -0.002969
30.100000 0.010315 0.003085 -0.991580 0.004980 -0.004770 -0.002034
30.150000 0.010306 0.002493 -0.991965 0.004460 -0.002848 -0.000857
30.200001 0.010089 0.002502 -0.990997 0.003785 -0.001423 -0.002919
30.250000 0.009857 0.001532 -0.990411 0.004500 -0.001162 -0.002207
30.299999 0.008884 0.001907 -0.990826 0.001591 -0.000212 -0.002903
30.350000 0.009454 0.001532 -0.990228 -0.001306 -0.002826 -0.003856
30.400000 0.008084 0.002307 -0.989880 -0.001723 -0.003547 -0.006398
30.450001 0.008527 0.002679 -0.991620 -0.002740 -0.004240 -0.004785
30.500000 0.007925 0.002676 -0.991443 -0.001289 -0.001600 -0.004279
30.549999 0.008923 0.003281 -0.991034 0.000151 0.000093 -0.003319
30.600000 0.008551 0.004059 -0.991238 0.001312 0.005119 -0.001179
30.650000 0.009329 0.003873 -0.990829 0.001052 0.005380 -0.000473
30.700001 0.009500 0.003497 -0.990048 0.002276 0.003732 -0.000470
30.750000 0.009741 0.003271 -0.992178 -0.001393 0.002787 -0.000030
30.799999 0.008127 0.002472 -0.991830 -0.002340 0.000652 -0.000967
30.850000 0.008102 0.002084 -0.991251 -0.001324 -0.006718 -0.002173
30.900000 0.008694 0.001495 -0.992007 0.000871 -0.010742 -0.001953
30.950001 0.008279 0.001498 -0.991238 0.002082 -0.012148 -0.001484
31.000000 0.006012 0.000537 -0.988376 0.005962 -0.019017 -0.000356
31.049999 0.004800 -0.000647 -0.988593 0.005430 -0.023031 0.001468
31.100000 0.003799 -0.001047 -0.988422 0.004875 -0.016331 0.003853
31.150000 0.002039 -0.001276 -0.989438 0.002200 -0.015296 0.012646
31.200001 0.000864 -0.001691 -0.990436 0.002214 -0.015998 0.012191
31.250000 0.001501 -0.001312 -0.991782 0.001008 -0.015989 0.011735
31.299999 0.004700 -0.001294 -0.993054 0.004759 -0.019731 0.017513
31.350000 0.016467 -0.007239 -0.994055 0.010173 -0.046912 0.061966
31.400000 0.005945 -0.005957 -0.992014 0.018048 -0.067102 0.141898
31.450001 0.013184 -0.012177 -0.994888 0.021788 -0.084857 0.203079
31.500000 0.007755 -0.010800 -0.989795 0.028522 -0.098961 0.325396
31.549999 -0.002127 -0.009943 -0.990262 0.031863 -0.096413 0.473760
31.600000 -0.022208 -0.003906 -0.989871 0.031630 -0.070361 0.591075
31.650000 -0.023068 -0.004663 -0.987360 0.031234 -0.053875 0.650919
31.700001 -0.017175 -0.009003 -0.980566 0.038388 -0.039350 0.729529
31.750000 -0.025229 -0.002707 -0.986072 0.038289 -0.023027 0.823850
31.799999 -0.009924 -0.009979 -0.987167 0.044841 -0.017680 0.861418
31.850000 0.011636 -0.018387 -0.976038 0.054454 -0.014661 0.930451
31.900000 0.021866 -0.024460 -0.970282 0.062915 -0.007530 1.033297
31.950001 0.000964 -0.007529 -0.974265 0.054071 0.008767 1.126180
32.000000 0.003210 -0.014575 -0.976297 0.057803 0.005005 1.078039
32.049999 0.011371 -0.016168 -0.970233 0.052111 -0.008539 1.081355
32.099998 0.010471 -0.009811 -0.976712 0.056966 0.012288 1.145442
32.150002 -0.013361 0.006329 -0.993402 0.045900 0.025362 1.275778
32.200001 -0.023331 0.001077 -0.996933 0.058759 0.028362 1.314758
32.250000 0.001968 -0.003229 -0.989227 0.058237 0.040381 1.379430
32.299999 -0.038266 0.011758 -0.990799 0.054010 0.059237 1.463811
32.349998 -0.056216 0.018726 -0.995993 0.036653 0.043647 1.374490
32.400002 -0.043481 0.014398 -0.993872 0.032611 0.031965 1.188792
32.450001 -0.026398 0.010132 -0.990860 0.016720 0.018674 1.090246
32.500000 -0.035126 0.012289 -0.997525 -0.000652 0.021740 1.037422
32.549999 -0.012305 -0.002914 -0.997586 -0.005526 0.021869 0.973534
32.599998 -0.025320 -0.003107 -1.001044 -0.006816 0.013709 0.939902
32.650002 -0.016885 -0.010577 -0.996100 -0.001473 0.017193 0.877027
32.700001 -0.012210 -0.014450 -0.997113 -0.002058 0.021710 0.771323
32.750000 -0.006836 -0.019440 -0.994406 0.003965 0.018231 0.701447
32.799999 -0.013022 -0.012256 -0.993649 0.004674 0.026722 0.692967
32.849998 -0.004184 -0.013690 -0.991266 0.007156 0.053992 0.681659
32.900002 -0.004919 -0.011154 -0.991107 0.000624 0.057606 0.661293
32.950001 -0.005872 -0.009796 -0.991141 -0.001961 0.055830 0.675840
33.000000 -0.036884 0.009601 -0.992496 -0.002983 0.049575 0.668604
33.049999 -0.027652 0.011023 -0.995953 -0.004553 0.038920 0.490797
33.099998 -0.018704 0.005475 -0.994315 -0.008422 0.013883 0.353578
33.150002 -0.009979 -0.001456 -0.993256 -0.004850 0.004310 0.293361
33.200001 -0.017160 0.007104 -0.990787 -0.002136 -0.004015 0.292384
33.250000 -0.008847 0.007205 -0.990176 -0.003189 -0.000906 0.240586
33.299999 -0.011880 0.006616 -0.988113 -0.002359 -0.000461 0.209598
33.349998 -0.013037 0.008365 -0.987769 -0.001651 -0.002603 0.183205
33.400002 -0.018054 0.013193 -0.988330 -0.001211 -0.004746 0.130433
33.450001 -0.014734 0.009293 -0.990350 0.002290 -0.004083 0.045309
33.500000 -0.005554 -0.004300 -0.990204 0.002901 0.004425 -0.014076
33.549999 0.001816 0.000467 -1.005206 -0.001368 0.026195 -0.000945
33.599998 0.002045 0.000058 -1.006946 -0.000442 0.025262 0.000903
33.650002 0.001440 0.000458 -1.005988 -0.002666 0.029790 0.001857
33.700001 0.001044 0.000845 -1.005615 -0.005488 0.037923 0.006774
33.750000 0.002853 0.001053 -1.006342 -0.004728 0.028241 0.015020
33.799999 -0.004089 -0.003534 -0.992691 0.002657 0.005544 0.003980
33.849998 -0.003101 -0.002924 -0.991888 0.001199 0.005064 0.003736
33.900002 -0.001895 -0.003519 -0.993405 0.000476 0.001729 0.003470
33.950001 -0.001730 -0.003891 -0.992230 -0.001253 -0.003264 0.004341
34.000000 -0.001367 -0.004068 -0.991058 0.000498 -0.003275 0.002730
34.049999 -0.000772 -0.003665 -0.990463 -0.000471 -0.004944 0.002479
34.099998 -0.000436 -0.005017 -0.989090 -0.002135 -0.006141 0.000849
34.150002 -0.001251 -0.004614 -0.987561 -0.001892 -0.005892 0.000863
34.200001 -0.001233 -0.003833 -0.987567 -0.001583 -0.002335 -0.001639
34.250000 -0.001440 -0.004031 -0.987375 -0.002535 -0.002810 -0.002564
34.299999 -0.002252 -0.005020 -0.987778 -0.003967 -0.004479 -0.003734
34.349998 -0.002399 -0.003464 -0.988568 -0.001042 -0.001618 -0.003691
34.400002 -0.002576 -0.003879 -0.990125 -0.000578 -0.003513 -0.002781
34.450001 -0.002612 -0.004645 -0.989145 -0.000565 -0.004945 -0.003256
34.500000 -0.002200 -0.004843 -0.990103 -0.001327 -0.005412 -0.002108
34.549999 -0.001398 -0.004440 -0.989893 -0.000847 -0.004219 -0.001863
34.599998 -0.001193 -0.004840 -0.990466 -0.001561 -0.003274 -0.002553
34.650002 -0.000006 -0.004825 -0.990243 -0.002199 -0.003783 -0.006032
34.700001 0.000421 -0.004446 -0.991211 -0.003219 -0.003056 -0.004412
34.750000 0.000443 -0.003467 -0.991025 -0.002953 -0.000684 -0.005314
34.799999 0.000015 -0.003653 -0.989862 -0.003714 -0.002103 -0.004175
34.849998 -0.000803 -0.004044 -0.989301 -0.004269 -0.003509 -0.001645
34.900002 -0.001007 -0.004041 -0.989108 -0.003607 -0.002057 0.000916
34.950001 -0.001578 -0.003467 -0.989709 -0.000436 -0.002290 0.000932
35.000000 -0.001984 -0.003864 -0.989719 -0.001666 -0.005144 0.001362
35.049999 -0.001370 -0.004065 -0.990872 0.000321 -0.002535 0.000008
35.099998 -0.000757 -0.003470 -0.991049 0.001553 -0.003718 -0.000448
35.150002 -0.000568 -0.003860 -0.990851 0.000877 -0.003966 -0.002525
35.200001 -0.000775 -0.004453 -0.991046 -0.001035 -0.006113 -0.003932
35.250000 -0.000000 -0.004431 -0.990051 -0.001017 -0.006585 -0.004619
35.299999 -0.000369 -0.003659 -0.990454 -0.001293 -0.005851 -0.003446
35.349998 0.000220 -0.004248 -0.990823 -0.001733 -0.004679 -0.005289
35.400002 -0.000537 -0.003287 -0.991626 -0.001540 -0.002519 -0.003417
35.450001 0.000848 -0.003665 -0.991974 0.000195 0.000576 -0.004527
35.500000 -0.000491 -0.003711 -0.994342 -0.000055 0.000587 -0.004287
35.549999 -0.001312 -0.003900 -0.993195 -0.000499 0.000105 -0.005904
35.599998 -0.002307 -0.003119 -0.992261 -0.000775 0.001081 -0.004729
35.650002 -0.002325 -0.003906 -0.992453 -0.001962 -0.000584 -0.005897
35.700001 -0.003293 -0.003333 -0.992871 -0.004464 0.000152 -0.003590
35.750000 -0.002737 -0.003305 -0.991110 -0.003220 0.001583 -0.004495
35.799999 -0.002124 -0.003711 -0.992450 -0.003194 0.001584 -0.005420
35.849998 -0.001929 -0.004697 -0.993405 -0.005107 0.001097 -0.006824
35.900002 -0.001740 -0.004486 -0.992621 -0.003162 0.003016 -0.006567
35.950001 -0.001578 -0.004068 -0.990482 -0.002665 0.002072 -0.006806
36.000000 -0.001569 -0.004669 -0.991641 -0.002241 0.004240 -0.004473
36.049999 -0.001172 -0.004263 -0.991055 -0.003231 0.001636 -0.003811
36.099998 -0.001563 -0.003876 -0.990878 -0.001491 0.002589 -0.004953
36.150002 -0.001770 -0.004071 -0.990692 -0.003698 0.002117 -0.004508
36.200001 -0.001959 -0.005072 -0.992245 -0.001025 0.002372 -0.004031
36.250000 -0.001367 -0.004865 -0.991840 -0.000277 0.000949 -0.004505
36.299999 -0.001340 -0.004883 -0.993198 0.000635 0.003356 -0.002165
36.349998 -0.000333 -0.004684 -0.993753 0.001319 0.003616 -0.000309
36.400002 0.000473 -0.004483 -0.993924 0.002690 0.004367 0.003175
36.450001 0.001068 -0.004477 -0.993909 0.000259 0.001743 0.002906
36.500000 0.001678 -0.003683 -0.993704 0.000291 -0.000171 0.001732
36.549999 0.001620 -0.003845 -0.991177 0.001286 -0.001128 0.001034
36.599998 0.000989 -0.004224 -0.989832 -0.000193 -0.004932 0.001686
36.650002 0.000208 -0.003253 -0.989471 0.000645 -0.006870 -0.002261
36.700001 -0.000616 -0.003442 -0.988330 -0.000832 -0.005440 -0.001793
36.750000 -0.001819 -0.003845 -0.988168 -0.003511 -0.004257 -0.002029
36.799999 -0.002182 -0.003674 -0.989734 -0.005454 -0.006166 -0.002289
36.849998 -0.001752 -0.002502 -0.989926 -0.001786 -0.002595 -0.002699
36.900002 -0.001352 -0.003091 -0.990686 -0.002043 -0.002116 -0.002233
36.950001 -0.000507 -0.002124 -0.992029 0.001373 -0.002825 -0.002221
37.000000 0.000479 -0.002112 -0.991806 0.003293 -0.002573 -0.001051
37.049999 0.000488 -0.001721 -0.991809 0.003536 -0.001859 -0.001044
37.099998 -0.001144 -0.002899 -0.991061 -0.000621 -0.006109 0.000056
37.150002 -0.001932 -0.002710 -0.991083 -0.002053 -0.007751 -0.000426
37.200001 -0.001364 -0.003278 -0.990286 -0.005593 -0.011330 -0.004176
37.250000 -0.001941 -0.003293 -0.991077 -0.005299 -0.006076 -0.005510
37.299999 -0.004532 -0.003513 -0.990564 -0.003556 -0.004622 -0.006177
37.349998 -0.009244 -0.003198 -0.992249 -0.000341 -0.003133 -0.026045
37.400002 -0.012778 -0.001080 -0.991391 0.002153 -0.007370 -0.073503
37.450001 -0.013370 0.006931 -0.991656 0.008684 -0.002862 -0.180788
37.500000 -0.013577 0.007532 -0.990503 0.014086 -0.009827 -0.345797
37.549999 -0.022229 0.013815 -0.996219 0.010395 -0.010515 -0.499462
37.599998 -0.041922 0.027490 -0.996066 0.014291 -0.027680 -0.608115
37.650002 -0.046945 0.031128 -0.998169 0.014352 -0.019605 -0.819988
37.700001 -0.058429 0.029990 -1.000409 0.014195 -0.010026 -1.023750
37.750000 -0.052786 0.033170 -1.001251 0.010937 -0.018394 -1.211496
37.799999 -0.052988 0.028528 -0.996948 0.013176 -0.024655 -1.404051
37.849998 -0.016040 0.018619 -0.993555 0.008323 -0.011905 -1.651080
37.900002 -0.007578 0.015375 -0.994281 0.003911 -0.004162 -1.741505
37.950001 -0.004727 0.010522 -0.993784 -0.005509 0.004898 -1.790759
38.000000 0.005109 0.009088 -0.991956 -0.009674 0.018203 -1.845037
38.049999 0.019687 0.010779 -0.994882 -0.010221 0.037806 -1.861522
38.099998 0.022858 0.008032 -0.997891 -0.014259 0.043816 -1.802027
38.150002 0.019278 0.016620 -0.996878 -0.005429 0.032424 -1.721563
38.200001 0.041342 0.010999 -0.997223 -0.014013 0.003979 -1.655465
38.250000 0.025739 0.010986 -0.999780 -0.011666 -0.005041 -1.469737
38.299999 0.025095 0.007959 -0.991806 -0.009954 -0.024335 -1.314648
38.349998 0.014526 0.011926 -0.993475 -0.010581 -0.027344 -1.200145
38.400002 0.024780 0.001068 -0.994485 -0.017158 -0.020346 -1.109647
38.450001 0.014047 0.001767 -0.991864 -0.005729 -0.010121 -0.981073
38.500000 0.024615 -0.005179 -0.993668 -0.005506 -0.010249 -0.916518
38.549999 0.021130 0.001947 -0.998669 -0.005266 -0.006486 -0.816293
38.599998 0.018179 -0.003931 -0.997153 0.000368 -0.009311 -0.735073
38.650002 0.013602 -0.005756 -0.998038 -0.001865 -0.017279 -0.642373
38.700001 0.017319 -0.006482 -0.996957 -0.001382 -0.017393 -0.523672
38.750000 0.008420 -0.003412 -0.994110 -0.001868 -0.011944 -0.368831
38.799999 0.007251 -0.009863 -0.993124 -0.005279 -0.009056 -0.259611
38.849998 0.004901 -0.007526 -0.991647 -0.009236 0.003926 -0.139428
38.900002 0.005072 -0.007504 -0.990283 -0.010607 0.024465 -0.052249
38.950001 -0.000296 -0.002515 -0.992792 -0.007737 0.023710 -0.004575
39.000000 -0.000821 0.000015 -0.993210 -0.006902 0.029942 0.000345
39.049999 0.001773 0.000232 -0.993530 -0.004906 0.028974 -0.001504
39.099998 0.003989 0.000433 -0.995029 -0.004147 0.021352 -0.002496
39.150002 0.002402 0.002597 -0.992563 0.000006 0.003749 -0.002403
39.200001 0.000952 0.001822 -0.990655 -0.001981 0.004948 -0.001248
39.250000 0.000342 0.001825 -0.989896 -0.002186 0.001842 -0.002668
39.299999 0.000528 0.001834 -0.989502 -0.002676 0.002319 -0.002668
39.349998 -0.000696 0.001443 -0.988367 -0.002698 0.003752 -0.001961
39.400002 -0.000482 0.000845 -0.989713 0.001453 0.004707 -0.002161
39.450001 -0.000858 0.001224 -0.990311 0.001679 0.002332 -0.001487
39.500000 -0.001447 0.001407 -0.990524 0.001649 -0.000515 -0.000356
39.549999 -0.002066 0.001019 -0.989761 0.001098 -0.000973 0.001950
39.599998 -0.001068 0.000824 -0.990317 0.003801 -0.003832 0.001245
39.650002 -0.001285 0.000836 -0.989352 -0.000353 -0.003362 0.001457
39.700001 -0.001495 0.000839 -0.988776 0.000645 -0.001465 0.000554
39.750000 -0.001892 0.001434 -0.988010 -0.003216 -0.000773 -0.001081
39.799999 -0.002295 0.001431 -0.987827 -0.000253 0.000408 -0.002442
39.849998 -0.002283 0.001028 -0.988794 -0.002212 0.001120 -0.002215
39.900002 -0.002893 0.000827 -0.988422 -0.002943 -0.000547 -0.002234
39.950001 -0.002078 0.001025 -0.988983 -0.003756 -0.000760 0.000767
40.000000 -0.000311 -0.000726 -0.990088 -0.001323 -0.000993 0.001010
40.049999 0.000305 -0.000531 -0.990851 -0.002292 -0.001235 0.000771
40.099998 0.000110 -0.000137 -0.990472 -0.000829 0.000912 0.000797
40.150002 0.001141 0.000644 -0.991418 0.000850 -0.000024 0.001954
40.200001 -0.000232 0.000220 -0.992618 0.001595 0.000451 0.001499
40.250000 -0.001205 0.000989 -0.992651 0.001134 -0.000984 0.000557
40.299999 -0.001401 0.000983 -0.992850 0.000196 -0.000520 -0.000833
40.349998 -0.001816 0.000595 -0.992468 -0.000748 -0.001485 -0.002004
40.400002 -0.002023 0.000201 -0.992471 -0.000480 -0.001731 -0.002931
40.450001 -0.000647 0.000226 -0.991849 -0.000694 -0.000790 -0.004080
40.500000 -0.001047 0.001019 -0.990698 -0.000281 -0.000050 -0.001295
40.549999 -0.000455 0.000436 -0.991064 -0.000580 -0.002174 0.000767
40.599998 -0.000439 0.000623 -0.991647 -0.001330 -0.003121 0.001448
40.650002 0.000366 0.001019 -0.991824 -0.001545 -0.000752 0.000311
40.700001 0.000363 0.001419 -0.991248 -0.001807 -0.001936 0.000993
40.750000 -0.000015 0.000806 -0.992807 -0.002753 -0.000996 -0.000161
40.799999 0.000012 0.001974 -0.992816 -0.002224 0.001370 -0.001756
40.849998 0.000388 0.001794 -0.991837 -0.002011 0.000905 -0.000603
40.900002 -0.000616 0.001791 -0.991281 -0.003478 -0.001951 -0.000405
40.950001 -0.001453 0.000415 -0.991098 -0.003191 -0.002442 -0.002028
41.000000 -0.001657 0.000812 -0.990332 -0.000257 -0.002439 -0.002243
41.049999 -0.002478 0.000226 -0.989770 -0.001232 -0.003631 -0.002260
41.099998 -0.003073 0.000217 -0.989978 -0.001226 -0.002203 -0.002476
41.150002 -0.002887 0.000027 -0.989581 0.000180 0.000439 -0.000361
41.200001 -0.002054 0.000613 -0.990533 0.001176 -0.000516 -0.001056
41.250000 -0.000488 -0.000345 -0.990680 -0.000260 -0.000760 -0.001985
41.299999 -0.000873 -0.000156 -0.990881 0.000943 -0.000748 -0.001277
41.349998 -0.000046 -0.000165 -0.992413 0.000280 -0.001008 -0.003823
41.400002 -0.000040 0.000229 -0.992224 -0.000891 -0.003877 -0.005459
41.450001 -0.000046 0.000427 -0.991840 -0.001685 -0.001950 -0.003116
41.500000 -0.001050 0.000623 -0.991089 -0.004140 -0.002897 -0.002421
41.549999 -0.000278 0.000049 -0.990872 -0.004656 -0.003361 -0.001248
41.599998 -0.000891 0.000452 -0.989532 -0.002515 -0.002146 0.000880
41.650002 -0.000888 0.000055 -0.990109 -0.002019 -0.002147 0.000672
41.700001 -0.000739 -0.000107 -0.987964 -0.002980 -0.001199 0.000233
41.750000 -0.000113 0.000671 -0.988535 -0.001248 -0.000015 -0.000663
41.799999 0.000064 -0.000110 -0.988330 -0.001220 -0.000736 -0.001581
41.849998 0.000272 -0.000513 -0.989291 -0.002675 -0.000740 -0.001805
41.900002 0.000259 -0.000308 -0.988519 -0.003941 0.003557 -0.000148
41.950001 0.000320 0.000647 -0.990274 -0.003690 0.004984 -0.000345
42.000000 0.001331 0.000647 -0.991025 -0.003720 0.006424 0.000845
42.049999 0.001572 0.002011 -0.991611 -0.004465 0.008331 0.001336
42.099998 0.002158 0.002423 -0.990628 -0.005932 0.006666 0.001573
42.150002 0.003351 0.002432 -0.990793 -0.005877 0.002842 -0.000282
42.200001 0.002353 0.002020 -0.991208 -0.006868 0.000229 0.000398
42.250000 0.001315 0.001443 -0.989871 -0.006645 -0.002141 0.001332
42.299999 0.000681 0.000470 -0.989105 -0.005887 -0.001672 0.000445
42.349998 -0.000119 0.000067 -0.989316 -0.002484 -0.000472 0.000951
42.400002 0.000287 0.000266 -0.989496 0.000425 0.001919 0.001710
42.450001 0.001645 0.000305 -0.987900 0.000204 0.000246 0.001026
42.500000 0.002301 0.000870 -0.990024 0.002921 0.000001 -0.000094
42.549999 0.002710 0.001660 -0.989630 0.004100 0.000731 0.001564
42.599998 0.003870 0.001297 -0.988626 0.002423 -0.002374 0.000626
42.650002 0.002869 0.001093 -0.988461 0.001255 -0.002869 -0.001224
42.700001 0.002698 0.000873 -0.990021 0.001994 0.000937 -0.001396
42.750000 0.001486 0.000671 -0.989276 -0.001874 -0.001223 -0.002585
42.799999 0.001633 -0.001279 -0.989062 0.000134 -0.011472 -0.004271
42.849998 -0.000116 -0.001318 -0.990662 0.009548 -0.019515 -0.000111
42.900002 -0.001349 -0.003680 -0.991064 0.019707 -0.036603 0.003739
42.950001 -0.010828 -0.001627 -0.990363 0.033970 -0.059380 0.009408
43.000000 -0.016290 -0.005716 -0.999228 0.062586 -0.085061 0.007496
43.049999 -0.031543 -0.013647 -1.008911 0.137095 -0.146693 -0.003750
43.099998 -0.036075 -0.030756 -1.011249 0.279744 -0.190797 -0.008900
43.150002 -0.041736 -0.051566 -1.011447 0.489104 -0.219043 0.017932
43.200001 -0.037848 -0.095953 -1.012195 0.727540 -0.247736 0.043065
43.250000 -0.053113 -0.135516 -1.001633 0.970315 -0.256334 0.078816
43.299999 -0.052127 -0.185297 -0.993094 1.212012 -0.200492 0.135044
43.349998 -0.083109 -0.234882 -0.972775 1.461740 -0.134160 0.191638
43.400002 -0.105838 -0.302032 -0.941037 1.636171 -0.100119 0.163761
43.450001 -0.128748 -0.363229 -0.903125 1.757427 -0.074507 0.081137
43.500000 -0.125082 -0.444360 -0.841815 1.892585 -0.077517 -0.037071
43.549999 -0.124274 -0.524481 -0.775723 1.987193 -0.074466 -0.162622
43.599998 -0.098114 -0.609540 -0.704645 1.976496 -0.134656 -0.290026
43.650002 -0.083121 -0.682611 -0.635498 1.923899 -0.176902 -0.347390
43.700001 -0.063019 -0.756262 -0.555719 1.868721 -0.192437 -0.345523
43.750000 -0.050079 -0.813470 -0.483826 1.769007 -0.132548 -0.285836
43.799999 -0.044324 -0.859195 -0.396466 1.605448 -0.103941 -0.200873
43.849998 -0.045908 -0.895303 -0.344550 1.402204 0.008653 -0.111897
43.900002 -0.049701 -0.922403 -0.290234 1.236460 0.079761 -0.037435
43.950001 -0.048370 -0.941470 -0.225140 1.079893 0.134964 0.013564
44.000000 -0.061240 -0.950314 -0.217258 0.847284 0.132758 0.044878
44.049999 -0.066949 -0.959833 -0.192456 0.699151 0.115887 0.019607
44.099998 -0.068848 -0.964563 -0.164484 0.637317 0.070212 -0.020717
44.150002 -0.057443 -0.971411 -0.130499 0.595449 0.061186 -0.068439
44.200001 -0.061932 -0.969720 -0.131995 0.538978 0.038656 -0.080732
44.250000 -0.052371 -0.975028 -0.084079 0.607325 0.026172 -0.107976
44.299999 -0.033463 -0.977798 -0.044495 0.660489 0.032016 -0.106214
44.349998 -0.026224 -0.981784 0.002179 0.601848 0.017426 -0.055974
44.400002 -0.025574 -0.983542 0.016394 0.506297 0.013941 -0.004475
44.450001 -0.030289 -0.982440 0.043857 0.437672 0.038296 0.015727
44.500000 -0.022723 -0.986044 0.075375 0.326415 0.039880 0.025073
44.549999 -0.039297 -0.985214 0.063651 0.143777 0.033160 0.048988
44.599998 -0.037225 -0.987439 0.056726 0.050244 0.031770 0.016063
44.650002 -0.039532 -0.985129 0.055872 -0.011692 0.023412 -0.003099
44.700001 -0.028931 -0.990317 0.054639 -0.052241 0.007106 -0.009951
44.750000 -0.040942 -0.986783 0.036218 -0.093266 -0.001581 0.009873
44.799999 -0.036234 -0.987888 0.037326 -0.060678 -0.000236 -0.004509
44.849998 -0.039249 -0.985831 0.032565 -0.038671 -0.002362 -0.006257
44.900002 -0.037558 -0.987943 0.034375 -0.019303 0.001441 -0.009817
44.950001 -0.040234 -0.988034 0.029642 -0.018497 -0.000403 -0.003350
45.000000 -0.037881 -0.988586 0.030289 -0.005913 0.000281 -0.008596
45.049999 -0.039828 -0.989432 0.027524 -0.013139 0.001513 -0.002841
45.099998 -0.039432 -0.989426 0.027536 -0.009484 0.000092 -0.002603
45.150002 -0.037131 -0.989352 0.031094 0.000924 0.000523 -0.008547
45.200001 -0.038284 -0.987997 0.031052 -0.001242 -0.001161 -0.009491
45.250000 -0.032480 -0.990030 0.035306 0.002266 0.001901 -0.012905
45.299999 -0.032593 -0.988098 0.033539 -0.000612 0.001005 -0.005517
45.349998 -0.033450 -0.989661 0.034692 -0.006437 0.002492 0.002571
45.400002 -0.037054 -0.988013 0.029144 -0.024360 0.002266 0.006866
45.450001 -0.037030 -0.987430 0.028751 -0.026489 0.003347 -0.004705
45.500000 -0.039441 -0.987561 0.020911 -0.035726 0.002847 -0.005918
45.549999 -0.037891 -0.988123 0.021738 -0.021010 0.001652 -0.008855
45.599998 -0.036533 -0.987286 0.024292 -0.008352 0.002632 -0.007850
45.650002 -0.037808 -0.989032 0.026407 -0.005066 0.001729 -0.002982
45.700001 -0.037015 -0.989420 0.025848 -0.016123 0.001739 -0.000036
45.750000 -0.037817 -0.989423 0.026218 -0.026987 0.001684 -0.004261
45.799999 -0.037335 -0.990860 0.020605 -0.047360 0.003279 -0.008756
45.849998 -0.037192 -0.991754 0.012653 -0.055283 0.000844 -0.013449
45.900002 -0.032962 -0.991754 0.009460 -0.035940 0.000135 -0.016125
45.950001 -0.032852 -0.993289 0.011810 -0.006280 0.004496 -0.012451
46.000000 -0.034000 -0.991736 0.011765 0.005010 0.003858 -0.005915
46.049999 -0.033844 -0.991705 0.013904 0.004397 0.003661 -0.001293
46.099998 -0.032681 -0.991675 0.015100 -0.001851 0.004415 0.004232
46.150002 -0.034555 -0.990372 0.011548 -0.007792 0.005619 0.007459
46.200001 -0.035437 -0.988858 0.008206 0.001163 0.002557 0.010267
46.250000 -0.035638 -0.988263 0.009171 0.026301 0.002347 0.009951
46.299999 -0.036404 -0.988361 0.017117 0.055620 0.004035 0.008288
46.349998 -0.040189 -0.986798 0.019919 0.059623 0.006938 0.013667
46.400002 -0.039188 -0.988058 0.027335 0.046546 0.005697 0.010113
46.450001 -0.041675 -0.988144 0.022995 0.005098 0.006340 0.009195
46.500000 -0.038568 -0.990259 0.023483 -0.023518 0.007429 0.002799
46.549999 -0.040469 -0.988470 0.012347 -0.056230 0.002867 0.003733
46.599998 -0.037918 -0.990021 0.011652 -0.048693 -0.000527 -0.004354
46.650002 -0.042133 -0.990161 0.004547 -0.040763 0.000715 0.000097
46.700001 -0.037509 -0.990421 0.010501 -0.013047 0.000229 -0.005537
46.750000 -0.040598 -0.988715 0.008655 -0.006485 0.001281 0.004457
46.799999 -0.037790 -0.990369 0.014569 0.011166 0.004847 0.001117
46.849998 -0.037338 -0.989200 0.013400 0.000371 0.005559 0.003386
46.900002 -0.034610 -0.989139 0.015802 -0.006412 0.007191 0.001521
46.950001 -0.038019 -0.988486 0.009100 -0.015300 0.009110 0.005431
47.000000 -0.035077 -0.990222 0.008612 -0.004831 0.006419 -0.003084
47.049999 -0.037573 -0.988705 0.006589 0.003188 0.002858 -0.002135
47.099998 -0.036694 -0.989822 0.010510 0.019452 0.003533 -0.008513
47.150002 -0.036633 -0.987872 0.009915 0.018505 0.000414 -0.009929
47.200001 -0.034604 -0.989743 0.014841 0.014743 -0.002510 -0.015523
47.250000 -0.038266 -0.988065 0.011621 -0.005949 -0.002481 -0.008231
47.299999 -0.036334 -0.989606 0.012268 -0.012753 -0.002023 -0.009181
47.349998 -0.039200 -0.988510 0.008490 -0.022180 -0.003410 -0.003222
47.400002 -0.039566 -0.988928 0.006540 -0.016041 -0.001026 -0.004548
47.450001 -0.037189 -0.988901 0.006604 -0.003367 0.003535 -0.003730
47.500000 -0.035858 -0.989441 0.008783 0.012049 0.004035 -0.005017
47.549999 -0.035867 -0.989435 0.009174 0.023953 0.005513 -0.002613
47.599998 -0.034366 -0.989758 0.012909 0.037190 0.004575 -0.004388
47.650002 -0.032330 -0.991635 0.017447 0.039134 0.002455 -0.003460
47.700001 -0.037787 -0.990164 0.014764 0.019350 -0.001994 0.007045
47.750000 -0.036432 -0.989731 0.016931 0.016031 -0.000593 0.003812
47.799999 -0.037912 -0.988425 0.013385 -0.001823 -0.000362 0.005572
47.849998 -0.036945 -0.989200 0.013419 -0.009503 0.001496 0.001163
47.900002 -0.037650 -0.987271 0.011636 -0.013897 0.001975 0.001619
47.950001 -0.031845 -0.988705 0.016663 -0.001553 0.004566 -0.003603
48.000000 -0.031564 -0.990222 0.020178 -0.015252 0.004887 0.007443
48.049999 -0.036182 -0.989441 0.023932 -0.045331 0.004162 0.010755
48.099998 -0.039337 -0.987894 0.024997 -0.103458 0.003305 0.004416
48.150002 -0.038614 -0.989435 0.026392 -0.191122 0.001140 -0.010189
48.200001 -0.038873 -0.987268 0.013150 -0.318605 -0.004636 -0.022734
48.250000 -0.036591 -0.983517 -0.015384 -0.465607 -0.013062 -0.035419
48.299999 -0.027319 -0.981909 -0.048965 -0.568990 -0.011822 -0.037589
48.349998 -0.023300 -0.979431 -0.086188 -0.638312 -0.011048 -0.018056
48.400002 -0.025699 -0.973129 -0.124591 -0.679836 -0.008006 0.010899
48.450001 -0.031329 -0.967621 -0.161325 -0.708576 -0.001409 0.036024
48.500000 -0.034210 -0.960745 -0.185944 -0.723834 0.010970 0.040452
48.549999 -0.040775 -0.948721 -0.217694 -0.811116 0.000827 0.038487
48.599998 -0.044550 -0.933160 -0.264944 -0.941220 -0.030679 0.023596
48.650002 -0.043085 -0.912820 -0.310727 -1.071322 -0.044340 0.008173
48.700001 -0.042157 -0.888876 -0.364322 -1.218920 -0.072401 0.008718
48.750000 -0.045364 -0.852658 -0.433084 -1.362950 -0.070756 0.030147
48.799999 -0.051746 -0.811508 -0.496136 -1.472341 -0.055258 0.051430
48.849998 -0.058276 -0.761969 -0.561194 -1.580982 -0.012246 0.062324
48.900002 -0.061255 -0.710123 -0.632391 -1.672134 0.015581 0.049113
48.950001 -0.058475 -0.649005 -0.702914 -1.727529 0.033101 0.021892
49.000000 -0.055176 -0.584051 -0.765286 -1.736773 0.028951 0.011854
49.049999 -0.047156 -0.519818 -0.826749 -1.725085 0.016127 0.012959
49.099998 -0.043497 -0.452521 -0.875330 -1.643197 0.016607 0.052521
49.150002 -0.052454 -0.380444 -0.921756 -1.556331 0.011994 0.106885
49.200001 -0.054715 -0.315955 -0.955896 -1.439771 0.030914 0.126920
49.250000 -0.060764 -0.263037 -0.974316 -1.302327 0.034816 0.114541
49.299999 -0.057608 -0.211929 -0.989749 -1.147187 0.049884 0.097039
49.349998 -0.058105 -0.165851 -0.997473 -1.022058 0.048645 0.070893
49.400002 -0.044012 -0.133145 -1.007434 -0.897422 0.057161 0.044591
49.450001 -0.043085 -0.099014 -1.002597 -0.746464 0.062888 0.073940
49.500000 -0.042810 -0.067041 -0.997562 -0.616262 0.084769 0.103553
49.549999 -0.044437 -0.042172 -0.995062 -0.481709 0.106579 0.098250
49.599998 -0.024002 -0.031204 -1.011502 -0.364011 0.158168 0.020238
49.650002 -0.022314 -0.017532 -1.000470 -0.229525 0.150807 -0.000138
49.700001 -0.013501 -0.013113 -0.999683 -0.144945 0.145788 -0.042752
49.750000 -0.002850 -0.011102 -1.004077 -0.095231 0.136199 -0.058761
49.799999 0.003491 -0.010431 -1.003134 -0.066737 0.108181 -0.056312
49.849998 -0.004861 -0.005414 -0.986484 -0.030282 0.046674 0.004880
49.900002 -0.002411 -0.004041 -0.988370 -0.022388 0.035792 0.010841
49.950001 -0.001965 -0.001691 -0.987988 -0.015888 0.023218 0.014234
50.000000 0.000662 -0.002087 -0.990829 -0.004090 0.005277 0.002106
50.049999 0.001276 -0.001495 -0.991009 -0.002048 0.003344 -0.001371
50.099998 0.000677 -0.002090 -0.991409 -0.002063 0.001682 -0.000924
50.150002 0.001071 -0.001889 -0.991016 -0.003272 -0.001200 -0.001646
50.200001 0.001874 -0.001685 -0.991186 0.000125 0.001883 -0.001364
50.250000 0.001083 -0.001303 -0.991019 -0.001568 0.002092 -0.002293
50.299999 0.001096 -0.000919 -0.991217 -0.000875 0.000181 -0.001145
50.349998 0.001498 0.000070 -0.990436 -0.000134 0.000634 -0.001826
50.400002 0.001077 -0.000317 -0.989859 0.002983 0.003511 0.000068
50.450001 -0.000076 -0.000156 -0.991446 0.001764 0.001129 0.000040
50.500000 0.000684 -0.000519 -0.990256 0.003679 -0.000522 0.001424
50.549999 0.000665 -0.001102 -0.990057 0.003389 -0.000270 0.003044
50.599998 0.000876 -0.001303 -0.990826 0.004606 0.001159 0.003064
50.650002 0.001697 -0.000516 -0.991199 0.003417 0.000433 0.001893
50.700001 0.001291 -0.000519 -0.990823 0.002904 0.000440 0.002816
50.750000 0.001117 -0.000339 -0.991611 0.002903 0.000440 0.002816
50.799999 0.001520 0.000256 -0.991214 0.001236 0.002803 0.001208
50.849998 0.001514 0.000858 -0.990244 -0.000959 0.000895 0.001179
50.900002 0.001089 -0.000317 -0.990054 -0.001905 0.002311 0.000029
50.950001 0.001276 -0.000104 -0.989078 -0.002142 0.000167 -0.000223
51.000000 0.001306 0.000470 -0.989856 -0.003612 0.000405 0.000002
51.049999 0.001529 0.000653 -0.990826 -0.002848 -0.001985 -0.001172
51.099998 0.000949 -0.000162 -0.992587 -0.003812 -0.001752 -0.001639
51.150002 0.000763 -0.000174 -0.993366 -0.002875 -0.000786 -0.000236
51.200001 0.001138 -0.000754 -0.992966 -0.001618 0.000162 -0.001366
51.250000 0.000708 -0.000937 -0.991812 -0.002542 -0.001754 -0.002996
51.299999 0.000339 -0.001157 -0.993372 -0.002798 -0.000791 -0.002282
51.349998 0.001508 -0.001132 -0.992371 -0.000839 -0.000546 -0.002257
51.400002 0.001886 -0.000323 -0.990619 0.000400 -0.001258 -0.002708
51.450001 0.001703 0.000064 -0.991013 -0.003259 -0.001264 -0.002728
51.500000 0.002301 0.000470 -0.990607 -0.001834 -0.000059 -0.001321
51.549999 0.001065 0.000488 -0.988312 -0.001378 -0.000286 -0.000164
51.599998 0.000656 0.000494 -0.987738 -0.002801 0.002553 -0.001766
51.650002 0.000284 0.000079 -0.989298 -0.004240 0.001828 -0.002706
51.700001 0.000281 -0.000113 -0.989294 -0.001359 0.003752 -0.001053
51.750000 0.000485 -0.000711 -0.990256 -0.002298 0.004451 -0.002440
51.799999 0.000861 -0.001291 -0.990045 -0.002323 0.004459 -0.001515
51.849998 0.000702 -0.000519 -0.990833 -0.000888 0.001616 -0.000376
51.900002 0.001486 0.000488 -0.989264 -0.000933 0.002582 0.001252
51.950001 0.002087 0.001480 -0.988477 -0.001201 0.001638 0.002167
52.000000 0.002472 0.000894 -0.988660 -0.001208 0.002354 0.002405
52.049999 0.003293 0.001285 -0.989416 -0.001697 0.003067 0.002408
52.099998 0.003308 0.000873 -0.990775 -0.000458 0.002824 0.001719
52.150002 0.003513 0.000275 -0.991742 -0.000662 -0.000759 0.000297
52.200001 0.003326 -0.000137 -0.992914 0.000548 -0.001936 0.000999
52.250000 0.002362 0.000430 -0.993524 0.001501 -0.002633 0.002167
52.299999 0.002148 0.000833 -0.992371 0.002971 -0.000959 0.002202
52.349998 0.002124 0.000650 -0.991397 0.001043 0.000709 0.001762
52.400002 0.001727 0.000647 -0.991406 0.001254 0.002636 0.003420
52.450001 0.001724 0.000452 -0.991403 0.000576 0.004768 0.001828
52.500000 0.001517 0.000653 -0.990829 -0.000119 0.004288 0.000906
52.549999 0.002142 0.001236 -0.991592 -0.001044 0.002375 -0.000492
52.599998 0.002142 0.001434 -0.991400 0.000619 0.003828 0.001622
52.650002 0.001755 0.001422 -0.991800 0.001627 0.003589 0.000940
52.700001 0.001340 0.000638 -0.991806 0.001184 0.000720 -0.000473
52.750000 0.002496 -0.000516 -0.991379 0.001464 0.000000 -0.001396
52.799999 0.001489 -0.001508 -0.991785 0.001224 -0.000234 -0.001162
52.849998 0.001053 -0.002280 -0.990817 -0.000684 -0.002867 -0.002581
52.900002 0.001434 -0.002066 -0.989835 -0.002601 -0.003353 -0.003516
52.950001 0.002634 -0.001660 -0.989804 -0.002119 -0.001204 -0.003026
53.000000 -0.001019 0.001401 -0.991672 0.001110 0.014002 -0.032716
53.049999 0.000317 0.001254 -0.989304 0.009796 0.028473 -0.065620
53.099998 0.003632 0.000336 -0.987656 0.011541 0.049642 -0.067265
53.150002 0.008810 -0.000018 -0.989456 0.005813 0.095359 -0.063873
53.200001 0.014761 0.000238 -0.989688 0.003984 0.148459 -0.060390
53.250000 0.026767 -0.001758 -0.988184 -0.001995 0.192522 -0.029247
53.299999 0.039667 -0.002222 -0.989780 -0.009312 0.282781 0.005083
53.349998 0.061121 -0.001416 -0.991156 -0.007537 0.464784 -0.001584
53.400002 0.092188 -0.002222 -0.989542 0.008124 0.670763 -0.017212
53.450001 0.143423 -0.006207 -0.979587 0.038371 0.970922 -0.042317
53.500000 0.203043 -0.005966 -0.967691 0.066399 1.373545 -0.105378
53.549999 0.295657 -0.016223 -0.934424 0.115083 1.737910 -0.191809
53.599998 0.395026 -0.014813 -0.897754 0.161575 1.947775 -0.256516
53.650002 0.489926 -0.015045 -0.848563 0.165493 2.026680 -0.295345
53.700001 0.581833 -0.011917 -0.794614 0.115878 2.022590 -0.291956
53.750000 0.662769 -0.010132 -0.729480 0.064683 1.770616 -0.251027
53.799999 0.717380 0.008298 -0.684802 -0.015269 1.548733 -0.193787
53.849998 0.764255 0.010138 -0.631073 -0.093360 1.497897 -0.091717
53.900002 0.810907 0.011530 -0.567044 -0.119110 1.524497 -0.014568
53.950001 0.838486 0.011475 -0.521597 -0.155155 1.479469 0.038736
54.000000 0.884015 0.008890 -0.446689 -0.135187 1.761797 0.069868
54.049999 0.922635 0.003290 -0.357758 -0.124202 1.968039 0.110210
54.099998 0.952976 0.000278 -0.258762 -0.083999 2.036716 0.092315
54.150002 0.975980 0.003009 -0.162537 -0.075406 2.046301 0.071856
54.200001 0.994074 0.005914 -0.049530 -0.024653 2.031199 0.053716
54.250000 0.993729 0.005844 0.032294 -0.016167 1.697775 0.054434
54.299999 0.991232 0.010236 0.098868 0.034082 1.209812 0.038941
54.349998 0.986844 0.010519 0.138007 0.021910 0.767036 0.030222
54.400002 0.984674 0.008359 0.153711 0.026114 0.372658 0.028281
54.450001 0.987314 0.005893 0.157495 0.031917 0.056220 0.010401
54.500000 0.992502 0.006595 0.147131 0.029177 -0.125474 -0.001445
54.549999 0.994190 0.000989 0.135941 -0.002713 -0.085487 0.004062
54.599998 0.995483 0.001135 0.131116 -0.001011 -0.053120 0.003438
54.650002 0.995691 0.000137 0.129382 0.000421 -0.011229 0.003594
54.700001 0.996103 0.000330 0.128613 -0.000072 0.007095 0.003293
54.750000 0.994296 -0.000073 0.129150 0.000361 0.025913 0.004854
54.799999 0.994211 -0.001410 0.131683 0.001860 0.019955 0.003651
54.849998 0.994815 -0.001810 0.130923 -0.002301 -0.006456 0.004776
54.900002 0.995221 -0.001810 0.130542 -0.003491 -0.026692 0.004122
54.950001 0.995279 -0.001248 0.128592 -0.002450 -0.022347 0.010646
55.000000 0.995285 -0.001456 0.128012 -0.003195 -0.014492 0.010944
55.049999 0.994547 -0.000507 0.126431 -0.002228 -0.011632 0.011206
55.099998 0.994174 0.000070 0.125833 0.001942 -0.003544 0.010145
55.150002 0.994156 0.000284 0.126996 0.002247 0.011901 0.007510
55.200001 0.993936 0.000098 0.127771 0.002137 0.013501 0.002428
55.250000 0.994724 -0.000284 0.127792 0.003374 0.005862 0.001897
55.299999 0.995529 -0.000677 0.126846 0.000961 0.002974 0.000927
55.349998 0.995520 -0.001068 0.126849 0.000279 0.001984 -0.000943
55.400002 0.994751 -0.001093 0.125662 -0.000508 -0.007775 0.001272
55.450001 0.994135 -0.001880 0.125845 0.000198 0.000562 0.002046
55.500000 0.993509 -0.002460 0.126614 -0.001329 0.008194 0.004189
55.549999 0.993274 -0.003036 0.127582 0.001353 0.003202 0.004390
55.599998 0.993249 -0.004016 0.127588 0.002518 0.001556 0.006463
55.650002 0.993475 -0.003638 0.126816 0.002127 -0.003474 0.002945
55.700001 0.993488 -0.003647 0.126230 0.000664 -0.012280 0.003088
55.750000 0.993747 -0.002094 0.125247 0.002385 -0.006334 0.002457
55.799999 0.993927 -0.002478 0.125839 0.000200 -0.004438 0.001999
55.849998 0.993365 -0.002304 0.124661 -0.008762 -0.013753 -0.000219
55.900002 0.993375 -0.003302 0.123111 -0.013938 -0.030161 0.002148
55.950001 0.993823 -0.003531 0.120410 -0.015687 -0.033006 0.003732
56.000000 0.993820 -0.004721 0.119254 -0.016148 -0.029209 0.002607
56.049999 0.993671 -0.004358 0.117108 -0.013737 -0.010636 0.003251
56.099998 0.995062 -0.004745 0.116367 -0.004486 0.009608 0.003486
56.150002 0.993463 -0.004758 0.116907 0.000183 0.033872 0.001650
56.200001 0.994229 -0.004333 0.118674 0.003395 0.043380 -0.000097
56.250000 0.994238 -0.004141 0.118283 0.002643 0.030040 0.000929
56.299999 0.994647 -0.003946 0.118100 0.001930 0.020970 0.000374
56.349998 0.994666 -0.002563 0.118872 0.001196 0.014762 0.000540
56.400002 0.997247 -0.002536 0.118555 0.003121 0.014276 0.001466
56.450001 0.996851 -0.003137 0.117764 0.004296 0.014748 0.003090
56.500000 0.997827 -0.002917 0.118765 0.005301 0.023543 0.001787
56.549999 0.996607 -0.003702 0.119324 0.003820 0.021880 0.002458
56.599998 0.996198 -0.004294 0.119315 0.003501 0.021428 0.005228
56.650002 0.995367 -0.004678 0.120657 0.002799 0.023081 0.004082
56.700001 0.994754 -0.005075 0.121036 0.002397 0.016626 0.001013
56.750000 0.994162 -0.005286 0.120630 0.001178 0.008295 0.001162
56.799999 0.995139 -0.004672 0.122009 0.003174 0.006854 -0.000460
56.849998 0.996097 -0.005038 0.123007 0.002502 0.008972 -0.002758
56.900002 0.995520 -0.005054 0.122211 0.003759 0.007751 -0.004155
56.950001 0.995880 -0.004623 0.124548 0.002495 0.013930 -0.002723
57.000000 0.995068 -0.004022 0.126077 0.003760 0.017449 -0.004543
57.049999 0.994281 -0.003641 0.126056 0.002763 0.018133 -0.003857
57.099998 0.994104 -0.002859 0.126044 0.004014 0.009999 -0.004858
57.150002 0.994501 -0.001862 0.127216 0.002492 0.005695 -0.002598
57.200001 0.995145 -0.000696 0.126062 0.004171 0.002815 -0.001465
57.250000 0.996130 -0.000882 0.126093 0.002643 -0.000520 0.001038
57.299999 0.997491 -0.001837 0.126331 0.001648 -0.012696 0.002072
57.349998 0.997110 -0.001852 0.125546 -0.001267 -0.011800 0.001595
57.400002 0.996527 -0.002066 0.124759 -0.001261 -0.018490 0.001531
57.450001 0.996124 -0.002859 0.124167 -0.002396 -0.029039 -0.001353
57.500000 0.997549 -0.002469 0.122842 -0.001079 -0.046726 -0.004519
57.549999 0.997452 -0.001343 0.119525 -0.002058 -0.050558 -0.004331
57.599998 0.998675 -0.002945 0.115875 -0.003556 -0.053207 -0.002979
57.650002 0.999139 -0.002988 0.112387 -0.005320 -0.045856 -0.001076
57.700001 0.998996 -0.002826 0.110245 -0.005555 -0.034455 -0.001670
57.750000 0.997430 -0.003653 0.108456 -0.007358 -0.011871 0.001299
57.799999 0.997067 -0.003079 0.107666 -0.006263 0.006362 -0.003623
57.849998 0.995477 -0.001901 0.109366 -0.001639 0.011098 -0.003324
57.900002 0.996027 -0.002258 0.111322 0.002761 0.025555 -0.004095
57.950001 0.995831 -0.001666 0.111703 0.002005 0.023122 -0.003198
58.000000 0.995621 -0.000665 0.113245 0.003763 0.019985 -0.005068
58.049999 0.995566 -0.002026 0.114224 0.005918 0.005688 -0.003336
58.099998 0.996591 -0.001038 0.113660 0.001565 -0.005315 -0.004618
58.150002 0.995428 -0.000278 0.113043 -0.001720 -0.042253 -0.008674
58.200001 0.996036 -0.000677 0.112091 -0.009710 -0.086094 -0.010042
58.250000 0.996979 -0.000961 0.104733 -0.037655 -0.162816 -0.012514
58.299999 0.996732 -0.000394 0.088980 -0.081208 -0.263359 -0.014593
58.349998 0.997214 0.000092 0.066837 -0.118571 -0.376295 -0.019758
58.400002 0.999591 -0.000662 0.038144 -0.120303 -0.520983 -0.015527
58.450001 0.997565 0.000620 0.004071 -0.114141 -0.671619 -0.014315
58.500000 0.995322 -0.001401 -0.042038 -0.083189 -0.849632 -0.018072
58.549999 0.995108 0.000220 -0.095700 -0.040945 -1.021693 -0.024489
58.599998 0.985373 -0.001047 -0.152127 0.002901 -1.177454 -0.018255
58.650002 0.971246 0.001703 -0.212201 0.011830 -1.325250 -0.020241
58.700001 0.952997 0.002658 -0.285208 0.012713 -1.502481 -0.012590
58.750000 0.931522 0.002362 -0.375977 -0.001025 -1.595427 0.001530
58.799999 0.896439 0.002054 -0.441840 0.000472 -1.453223 0.015092
58.849998 0.865997 0.002667 -0.501559 0.003181 -1.317521 0.020040
58.900002 0.835052 0.001358 -0.557977 -0.001716 -1.196330 0.026897
58.950001 0.802576 -0.000867 -0.608978 -0.009196 -1.067563 0.029875
59.000000 0.764462 0.000934 -0.632556 -0.001818 -0.960262 0.025105
59.049999 0.725806 -0.001016 -0.672455 -0.007529 -1.102606 0.023088
59.099998 0.677298 -0.000665 -0.721768 -0.015409 -1.357663 0.031836
59.150002 0.615720 -0.001855 -0.773557 -0.024832 -1.628875 0.043899
59.200001 0.536380 -0.003967 -0.820569 -0.039067 -1.789166 0.059951
59.250000 0.440921 -0.017776 -0.822061 -0.051479 -1.944177 0.080689
59.299999 0.348489 -0.018442 -0.867102 -0.064172 -2.125742 0.112522
59.349998 0.252139 -0.016669 -0.902157 -0.066199 -2.055055 0.140919
59.400002 0.168991 -0.014764 -0.923834 -0.054087 -1.765604 0.146391
59.450001 0.105600 -0.009808 -0.938785 -0.034265 -1.432876 0.145355
59.500000 0.063928 0.009390 -0.989215 -0.021969 -1.084229 0.142571
59.549999 0.034308 0.009442 -0.975622 -0.005539 -0.637076 0.110625
59.599998 0.049689 0.001465 -0.999646 0.036019 -0.134383 0.031887
59.650002 0.040973 0.001169 -1.000073 0.035803 0.039849 0.008476
59.700001 0.041135 -0.000589 -1.000250 0.038855 0.110787 -0.016086
59.750000 0.043060 -0.004111 -1.001727 0.042439 0.155620 -0.032551
59.799999 0.042651 -0.001782 -1.017111 0.042675 0.170371 -0.032648
59.849998 0.014111 0.005109 -0.990323 0.006687 -0.006422 0.003495
59.900002 0.014536 0.005096 -0.991476 0.003752 -0.004761 0.003725
59.950001 0.014127 0.005099 -0.990906 0.004457 -0.002613 0.004675
60.000000 0.014542 0.005090 -0.991867 0.003344 -0.003368 0.000729
60.049999 0.014505 0.005508 -0.989734 0.003607 -0.002664 0.000044
60.099998 0.016275 0.004947 -0.989682 0.002361 -0.000757 0.000980
60.150002 0.016653 0.004367 -0.989478 0.002618 -0.000763 0.000519
60.200001 0.015683 0.004736 -0.990088 0.001667 -0.000775 -0.000411
60.250000 0.014691 0.004727 -0.990115 0.002886 0.001622 0.000088
60.299999 0.014725 0.004901 -0.991476 0.002401 0.000685 0.000548
60.349998 0.013330 0.004883 -0.991318 0.002208 0.000683 -0.000834
60.400002 0.012558 0.005252 -0.992117 0.001740 -0.000021 -0.001067
60.450001 0.012949 0.005261 -0.991913 0.002206 -0.001662 0.000317
60.500000 0.013541 0.005075 -0.991892 -0.000237 -0.004521 0.000509
60.549999 0.014102 0.004117 -0.991290 0.000530 -0.002866 -0.000860
60.599998 0.013913 0.004309 -0.991495 -0.000219 -0.003576 -0.000177
60.650002 0.014685 0.004138 -0.990500 -0.000940 -0.002153 -0.000631
60.700001 0.014886 0.004733 -0.989920 -0.000852 -0.003135 -0.003878
60.750000 0.014880 0.004535 -0.989920 0.000117 -0.002417 -0.003635
60.799999 0.014899 0.004721 -0.990500 -0.001401 -0.003829 -0.001574
60.849998 0.015494 0.004532 -0.990671 -0.001626 -0.004549 -0.002276
60.900002 0.015280 0.004135 -0.990674 -0.001400 -0.005495 -0.001589
60.950001 0.015289 0.002939 -0.992413 -0.000168 -0.005259 -0.002043
61.000000 0.014294 0.003323 -0.991861 0.002302 -0.005265 -0.003187
61.049999 0.013693 0.003714 -0.991299 0.001870 -0.005285 -0.005272
61.099998 0.013080 0.003516 -0.990738 0.002562 -0.002415 -0.003854
61.150002 0.012711 0.004089 -0.991336 0.002566 -0.000513 -0.004068
61.200001 0.012485 0.004306 -0.989786 0.001029 -0.000472 -0.000829
61.250000 0.013266 0.004132 -0.989178 -0.001929 0.000267 0.000789
61.299999 0.013058 0.004532 -0.988409 -0.001435 0.001237 0.001039
61.349998 0.014069 0.004733 -0.988962 -0.002869 -0.003276 0.000535
61.400002 0.014261 0.004944 -0.988181 -0.002875 -0.002065 0.001248
61.450001 0.014267 0.005527 -0.987991 -0.004301 -0.002556 -0.000153
61.500000 0.014072 0.005316 -0.988580 -0.001853 -0.005648 -0.000399
61.549999 0.014868 0.004733 -0.989136 0.000317 -0.005635 0.000539
61.599998 0.014871 0.004730 -0.989331 0.001088 -0.000888 -0.001034
61.650002 0.014288 0.004718 -0.989926 0.000114 -0.003031 -0.001059
61.700001 0.014694 0.003726 -0.991464 0.002031 -0.000161 0.000135
61.750000 0.014468 0.003149 -0.990884 0.000565 0.002455 0.000150
61.799999 0.013867 0.002744 -0.991287 -0.001844 0.002679 -0.001018
61.849998 0.012863 0.002740 -0.990732 -0.001853 -0.001838 -0.000597
61.900002 0.013269 0.002734 -0.991306 -0.001384 -0.001831 0.000100
61.950001 0.011435 0.002747 -0.989020 -0.001853 -0.002551 -0.000603
62.000000 0.011658 0.002933 -0.989792 -0.000800 -0.005907 -0.003405
62.049999 0.011676 0.002722 -0.990762 0.000651 -0.005899 -0.002934
62.099998 0.011688 0.002716 -0.991345 0.001589 -0.004219 -0.001525
62.150002 0.011676 0.003119 -0.990378 0.002860 -0.004687 -0.002903
62.200001 0.012921 0.004294 -0.991327 0.002374 -0.006094 -0.002449
62.250000 0.013712 0.004105 -0.991498 0.003012 -0.004374 0.001512
62.299999 0.014108 0.005109 -0.990326 0.002043 -0.007214 0.001718
62.349998 0.015872 0.004544 -0.989886 0.001283 -0.006711 0.003113
62.400002 0.016296 0.002151 -0.993936 -0.000228 -0.005748 0.004732
62.450001 0.016902 0.000565 -0.996302 -0.001767 -0.005520 0.004260
62.500000 0.015060 -0.004517 -1.009262 -0.003460 -0.000743 0.006608
