 acc_segments acc_ssd gyro_segments gyro_ssd
0.050000 1 0.003685 1 0.007928
0.100000 1 0.003685 1 0.007928
0.150000 1 0.003685 1 0.007928
0.200000 1 0.003685 1 0.007928
0.250000 1 0.003685 1 0.007928
0.300000 1 0.003685 1 0.007928
0.350000 1 0.003685 1 0.007928
0.400000 1 0.003685 1 0.007928
0.450000 1 0.003685 1 0.007928
0.500000 1 0.003685 1 0.007928
0.550000 1 0.003685 1 0.007928
0.600000 0 0.012877 0 0.029389
0.650000 0 0.012877 0 0.029389
0.700000 0 0.012877 0 0.029389
0.750000 0 0.012877 0 0.029389
0.800000 0 0.012877 0 0.029389
0.850000 0 0.012877 0 0.029389
0.900000 0 0.012877 0 0.029389
0.950000 0 0.012877 0 0.029389
1.000000 0 0.012877 0 0.029389
1.050000 0 0.012877 0 0.029389
1.100000 0 0.012877 0 0.029389
1.150000 0 0.062475 0 0.126641
1.200000 0 0.062475 0 0.126641
1.250000 0 0.062475 0 0.126641
1.300000 0 0.062475 0 0.126641
1.350000 0 0.062475 0 0.126641
1.400000 0 0.062475 0 0.126641
1.450000 0 0.062475 0 0.126641
1.500000 0 0.062475 0 0.126641
1.550000 0 0.062475 0 0.126641
1.600000 0 0.062475 0 0.126641
1.650000 0 0.062475 0 0.126641
1.700000 0 0.054247 0 0.138945
1.750000 0 0.054247 0 0.138945
1.800000 0 0.054247 0 0.138945
1.850000 0 0.054247 0 0.138945
1.900000 0 0.054247 0 0.138945
1.950000 0 0.054247 0 0.138945
2.000000 0 0.054247 0 0.138945
2.050000 0 0.054247 0 0.138945
2.100000 0 0.054247 0 0.138945
2.150000 0 0.054247 0 0.138945
2.200000 0 0.054247 0 0.138945
2.250000 0 0.052885 0 0.103469
2.300000 0 0.052885 0 0.103469
2.350000 0 0.052885 0 0.103469
2.400000 0 0.052885 0 0.103469
2.450000 0 0.052885 0 0.103469
2.500000 0 0.052885 0 0.103469
2.550000 0 0.052885 0 0.103469
2.600000 0 0.052885 0 0.103469
2.650000 0 0.052885 0 0.103469
2.700000 0 0.052885 0 0.103469
2.750000 0 0.052885 0 0.103469
2.800000 1 0.002058 1 0.006086
2.850000 1 0.002058 1 0.006086
2.900000 1 0.002058 1 0.006086
2.950000 1 0.002058 1 0.006086
3.000000 1 0.002058 1 0.006086
3.050000 1 0.002058 1 0.006086
3.100000 1 0.002058 1 0.006086
3.150000 1 0.002058 1 0.006086
3.200000 1 0.002058 1 0.006086
3.250000 1 0.002058 1 0.006086
3.300000 1 0.002058 1 0.006086
3.350000 1 0.002355 1 0.006697
3.400000 1 0.002355 1 0.006697
3.450000 1 0.002355 1 0.006697
3.500000 1 0.002355 1 0.006697
3.550000 1 0.002355 1 0.006697
3.600000 1 0.002355 1 0.006697
3.650000 1 0.002355 1 0.006697
3.700000 1 0.002355 1 0.006697
3.750000 1 0.002355 1 0.006697
3.800000 1 0.002355 1 0.006697
3.850000 1 0.002355 1 0.006697
3.900000 1 0.002530 1 0.005184
3.950000 1 0.002530 1 0.005184
4.000000 1 0.002530 1 0.005184
4.050000 1 0.002530 1 0.005184
4.100000 1 0.002530 1 0.005184
4.150000 1 0.002530 1 0.005184
4.200000 1 0.002530 1 0.005184
4.250000 1 0.002530 1 0.005184
4.300000 1 0.002530 1 0.005184
4.350000 1 0.002530 1 0.005184
4.400000 1 0.002530 1 0.005184
4.450000 1 0.001765 1 0.004089
4.500000 1 0.001765 1 0.004089
4.550000 1 0.001765 1 0.004089
4.600000 1 0.001765 1 0.004089
4.650000 1 0.001765 1 0.004089
4.700000 1 0.001765 1 0.004089
4.750000 1 0.001765 1 0.004089
4.800000 1 0.001765 1 0.004089
4.850000 1 0.001765 1 0.004089
4.900000 1 0.001765 1 0.004089
4.950000 1 0.001765 1 0.004089
5.000000 1 0.002639 1 0.008254
5.050000 1 0.002639 1 0.008254
5.100000 1 0.002639 1 0.008254
5.150000 1 0.002639 1 0.008254
5.200000 1 0.002639 1 0.008254
5.250000 1 0.002639 1 0.008254
5.300000 1 0.002639 1 0.008254
5.350000 1 0.002639 1 0.008254
5.400000 1 0.002639 1 0.008254
5.450000 1 0.002639 1 0.008254
5.500000 1 0.002639 1 0.008254
5.550000 0 0.076327 0 0.045092
5.600000 0 0.076327 0 0.045092
5.650000 0 0.076327 0 0.045092
5.700000 0 0.076327 0 0.045092
5.750000 0 0.076327 0 0.045092
5.800000 0 0.076327 0 0.045092
5.850000 0 0.076327 0 0.045092
5.900000 0 0.076327 0 0.045092
5.950000 0 0.076327 0 0.045092
6.000000 0 0.076327 0 0.045092
6.050000 0 0.076327 0 0.045092
6.100000 0 0.069355 0 0.141359
6.150000 0 0.069355 0 0.141359
6.200000 0 0.069355 0 0.141359
6.250000 0 0.069355 0 0.141359
6.300000 0 0.069355 0 0.141359
6.350000 0 0.069355 0 0.141359
6.400000 0 0.069355 0 0.141359
6.450000 0 0.069355 0 0.141359
6.500000 0 0.069355 0 0.141359
6.550000 0 0.069355 0 0.141359
6.600000 0 0.069355 0 0.141359
6.650000 0 0.065416 0 0.176367
6.700000 0 0.065416 0 0.176367
6.750000 0 0.065416 0 0.176367
6.800000 0 0.065416 0 0.176367
6.850000 0 0.065416 0 0.176367
6.900000 0 0.065416 0 0.176367
6.950000 0 0.065416 0 0.176367
7.000000 0 0.065416 0 0.176367
7.050000 0 0.065416 0 0.176367
7.100000 0 0.065416 0 0.176367
7.150000 0 0.065416 0 0.176367
7.200000 1 0.005850 0 0.042238
7.250000 1 0.005850 0 0.042238
7.300000 1 0.005850 0 0.042238
7.350000 1 0.005850 0 0.042238
7.400000 1 0.005850 0 0.042238
7.450000 1 0.005850 0 0.042238
7.500000 1 0.005850 0 0.042238
7.550000 1 0.005850 0 0.042238
7.600000 1 0.005850 0 0.042238
7.650000 1 0.005850 0 0.042238
7.700000 1 0.005850 0 0.042238
7.750000 1 0.004369 1 0.005779
7.800000 1 0.004369 1 0.005779
7.850000 1 0.004369 1 0.005779
7.900000 1 0.004369 1 0.005779
7.950000 1 0.004369 1 0.005779
8.000000 1 0.004369 1 0.005779
8.050000 1 0.004369 1 0.005779
8.100000 1 0.004369 1 0.005779
8.150001 1 0.004369 1 0.005779
8.200000 1 0.004369 1 0.005779
8.250000 1 0.004369 1 0.005779
8.300000 1 0.002604 1 0.004958
8.350000 1 0.002604 1 0.004958
8.400001 1 0.002604 1 0.004958
8.450000 1 0.002604 1 0.004958
8.500000 1 0.002604 1 0.004958
8.550000 1 0.002604 1 0.004958
8.600000 1 0.002604 1 0.004958
8.650001 1 0.002604 1 0.004958
8.700000 1 0.002604 1 0.004958
8.750000 1 0.002604 1 0.004958
8.800000 1 0.002604 1 0.004958
8.850000 1 0.002233 1 0.006783
8.900001 1 0.002233 1 0.006783
8.950000 1 0.002233 1 0.006783
9.000000 1 0.002233 1 0.006783
9.050000 1 0.002233 1 0.006783
9.100000 1 0.002233 1 0.006783
9.150001 1 0.002233 1 0.006783
9.200000 1 0.002233 1 0.006783
9.250000 1 0.002233 1 0.006783
9.300000 1 0.002233 1 0.006783
9.350000 1 0.002233 1 0.006783
9.400001 1 0.001907 1 0.005191
9.450000 1 0.001907 1 0.005191
9.500000 1 0.001907 1 0.005191
9.550000 1 0.001907 1 0.005191
9.600000 1 0.001907 1 0.005191
9.650001 1 0.001907 1 0.005191
9.700000 1 0.001907 1 0.005191
9.750000 1 0.001907 1 0.005191
9.800000 1 0.001907 1 0.005191
9.850000 1 0.001907 1 0.005191
9.900001 1 0.001907 1 0.005191
9.950000 1 0.004397 1 0.010670
10.000000 1 0.004397 1 0.010670
10.050000 1 0.004397 1 0.010670
10.100000 1 0.004397 1 0.010670
10.150000 1 0.004397 1 0.010670
10.200000 1 0.004397 1 0.010670
10.250000 1 0.004397 1 0.010670
10.300000 1 0.004397 1 0.010670
10.350000 1 0.004397 1 0.010670
10.400000 1 0.004397 1 0.010670
10.450000 1 0.004397 1 0.010670
10.500000 0 0.045434 0 0.037303
10.550000 0 0.045434 0 0.037303
10.600000 0 0.045434 0 0.037303
10.650000 0 0.045434 0 0.037303
10.700000 0 0.045434 0 0.037303
10.750000 0 0.045434 0 0.037303
10.800000 0 0.045434 0 0.037303
10.850000 0 0.045434 0 0.037303
10.900000 0 0.045434 0 0.037303
10.950000 0 0.045434 0 0.037303
11.000000 0 0.045434 0 0.037303
11.050000 0 0.047360 0 0.109689
11.100000 0 0.047360 0 0.109689
11.150000 0 0.047360 0 0.109689
11.200000 0 0.047360 0 0.109689
11.250000 0 0.047360 0 0.109689
11.300000 0 0.047360 0 0.109689
11.350000 0 0.047360 0 0.109689
11.400000 0 0.047360 0 0.109689
11.450000 0 0.047360 0 0.109689
11.500000 0 0.047360 0 0.109689
11.550000 0 0.047360 0 0.109689
11.600000 0 0.037752 0 0.090606
11.650000 0 0.037752 0 0.090606
11.700000 0 0.037752 0 0.090606
11.750000 0 0.037752 0 0.090606
11.800000 0 0.037752 0 0.090606
11.850000 0 0.037752 0 0.090606
11.900000 0 0.037752 0 0.090606
11.950000 0 0.037752 0 0.090606
12.000000 0 0.037752 0 0.090606
12.050000 0 0.037752 0 0.090606
12.100000 0 0.037752 0 0.090606
12.150000 1 0.002822 1 0.005940
12.200000 1 0.002822 1 0.005940
12.250000 1 0.002822 1 0.005940
12.300000 1 0.002822 1 0.005940
12.350000 1 0.002822 1 0.005940
12.400000 1 0.002822 1 0.005940
12.450000 1 0.002822 1 0.005940
12.500000 1 0.002822 1 0.005940
12.550000 1 0.002822 1 0.005940
12.600000 1 0.002822 1 0.005940
12.650000 1 0.002822 1 0.005940
12.700000 1 0.002623 1 0.004759
12.750000 1 0.002623 1 0.004759
12.800000 1 0.002623 1 0.004759
12.850000 1 0.002623 1 0.004759
12.900000 1 0.002623 1 0.004759
12.950000 1 0.002623 1 0.004759
13.000000 1 0.002623 1 0.004759
13.050000 1 0.002623 1 0.004759
13.100000 1 0.002623 1 0.004759
13.150000 1 0.002623 1 0.004759
13.200000 1 0.002623 1 0.004759
13.250000 1 0.002331 1 0.007953
13.300000 1 0.002331 1 0.007953
13.350000 1 0.002331 1 0.007953
13.400000 1 0.002331 1 0.007953
13.450000 1 0.002331 1 0.007953
13.500000 1 0.002331 1 0.007953
13.550000 1 0.002331 1 0.007953
13.600000 1 0.002331 1 0.007953
13.650000 1 0.002331 1 0.007953
13.700000 1 0.002331 1 0.007953
13.750000 1 0.002331 1 0.007953
13.800000 1 0.002272 1 0.005742
13.850000 1 0.002272 1 0.005742
13.900000 1 0.002272 1 0.005742
13.950000 1 0.002272 1 0.005742
14.000000 1 0.002272 1 0.005742
14.050000 1 0.002272 1 0.005742
14.100000 1 0.002272 1 0.005742
14.150000 1 0.002272 1 0.005742
14.200000 1 0.002272 1 0.005742
14.250000 1 0.002272 1 0.005742
14.300000 1 0.002272 1 0.005742
14.350000 0 0.042621 0 0.047518
14.400000 0 0.042621 0 0.047518
14.450000 0 0.042621 0 0.047518
14.500000 0 0.042621 0 0.047518
14.550000 0 0.042621 0 0.047518
14.600000 0 0.042621 0 0.047518
14.650000 0 0.042621 0 0.047518
14.700000 0 0.042621 0 0.047518
14.750000 0 0.042621 0 0.047518
14.800000 0 0.042621 0 0.047518
14.850000 0 0.042621 0 0.047518
14.900000 0 0.046735 0 0.103174
14.950000 0 0.046735 0 0.103174
15.000000 0 0.046735 0 0.103174
15.050000 0 0.046735 0 0.103174
15.100000 0 0.046735 0 0.103174
15.150000 0 0.046735 0 0.103174
15.200000 0 0.046735 0 0.103174
15.250000 0 0.046735 0 0.103174
15.300000 0 0.046735 0 0.103174
15.350000 0 0.046735 0 0.103174
15.400000 0 0.046735 0 0.103174
15.450000 0 0.030877 0 0.075364
15.500000 0 0.030877 0 0.075364
15.550000 0 0.030877 0 0.075364
15.600000 0 0.030877 0 0.075364
15.650000 0 0.030877 0 0.075364
15.700000 0 0.030877 0 0.075364
15.750000 0 0.030877 0 0.075364
15.800000 0 0.030877 0 0.075364
15.850000 0 0.030877 0 0.075364
15.900000 0 0.030877 0 0.075364
15.950000 0 0.030877 0 0.075364
16.000000 0 0.047357 0 0.043552
16.049999 0 0.047357 0 0.043552
16.100000 0 0.047357 0 0.043552
16.150000 0 0.047357 0 0.043552
16.200001 0 0.047357 0 0.043552
16.250000 0 0.047357 0 0.043552
16.299999 0 0.047357 0 0.043552
16.350000 0 0.047357 0 0.043552
16.400000 0 0.047357 0 0.043552
16.450001 0 0.047357 0 0.043552
16.500000 0 0.047357 0 0.043552
16.549999 1 0.002352 1 0.007152
16.600000 1 0.002352 1 0.007152
16.650000 1 0.002352 1 0.007152
16.700001 1 0.002352 1 0.007152
16.750000 1 0.002352 1 0.007152
16.799999 1 0.002352 1 0.007152
16.850000 1 0.002352 1 0.007152
16.900000 1 0.002352 1 0.007152
16.950001 1 0.002352 1 0.007152
17.000000 1 0.002352 1 0.007152
17.049999 1 0.002352 1 0.007152
17.100000 1 0.002242 1 0.005124
17.150000 1 0.002242 1 0.005124
17.200001 1 0.002242 1 0.005124
17.250000 1 0.002242 1 0.005124
17.299999 1 0.002242 1 0.005124
17.350000 1 0.002242 1 0.005124
17.400000 1 0.002242 1 0.005124
17.450001 1 0.002242 1 0.005124
17.500000 1 0.002242 1 0.005124
17.549999 1 0.002242 1 0.005124
17.600000 1 0.002242 1 0.005124
17.650000 1 0.002546 1 0.008183
17.700001 1 0.002546 1 0.008183
17.750000 1 0.002546 1 0.008183
17.799999 1 0.002546 1 0.008183
17.850000 1 0.002546 1 0.008183
17.900000 1 0.002546 1 0.008183
17.950001 1 0.002546 1 0.008183
18.000000 1 0.002546 1 0.008183
18.049999 1 0.002546 1 0.008183
18.100000 1 0.002546 1 0.008183
18.150000 1 0.002546 1 0.008183
18.200001 1 0.002384 1 0.005760
18.250000 1 0.002384 1 0.005760
18.299999 1 0.002384 1 0.005760
18.350000 1 0.002384 1 0.005760
18.400000 1 0.002384 1 0.005760
18.450001 1 0.002384 1 0.005760
18.500000 1 0.002384 1 0.005760
18.549999 1 0.002384 1 0.005760
18.600000 1 0.002384 1 0.005760
18.650000 1 0.002384 1 0.005760
18.700001 1 0.002384 1 0.005760
18.750000 0 0.016312 0 0.035510
18.799999 0 0.016312 0 0.035510
18.850000 0 0.016312 0 0.035510
18.900000 0 0.016312 0 0.035510
18.950001 0 0.016312 0 0.035510
19.000000 0 0.016312 0 0.035510
19.049999 0 0.016312 0 0.035510
19.100000 0 0.016312 0 0.035510
19.150000 0 0.016312 0 0.035510
19.200001 0 0.016312 0 0.035510
19.250000 0 0.016312 0 0.035510
19.299999 0 0.113050 0 0.390670
19.350000 0 0.113050 0 0.390670
19.400000 0 0.113050 0 0.390670
19.450001 0 0.113050 0 0.390670
19.500000 0 0.113050 0 0.390670
19.549999 0 0.113050 0 0.390670
19.600000 0 0.113050 0 0.390670
19.650000 0 0.113050 0 0.390670
19.700001 0 0.113050 0 0.390670
19.750000 0 0.113050 0 0.390670
19.799999 0 0.113050 0 0.390670
19.850000 0 0.148700 0 0.536161
19.900000 0 0.148700 0 0.536161
19.950001 0 0.148700 0 0.536161
20.000000 0 0.148700 0 0.536161
20.049999 0 0.148700 0 0.536161
20.100000 0 0.148700 0 0.536161
20.150000 0 0.148700 0 0.536161
20.200001 0 0.148700 0 0.536161
20.250000 0 0.148700 0 0.536161
20.299999 0 0.148700 0 0.536161
20.350000 0 0.148700 0 0.536161
20.400000 0 0.024834 0 0.087001
20.450001 0 0.024834 0 0.087001
20.500000 0 0.024834 0 0.087001
20.549999 0 0.024834 0 0.087001
20.600000 0 0.024834 0 0.087001
20.650000 0 0.024834 0 0.087001
20.700001 0 0.024834 0 0.087001
20.750000 0 0.024834 0 0.087001
20.799999 0 0.024834 0 0.087001
20.850000 0 0.024834 0 0.087001
20.900000 0 0.024834 0 0.087001
20.950001 0 0.014796 0 0.041489
21.000000 0 0.014796 0 0.041489
21.049999 0 0.014796 0 0.041489
21.100000 0 0.014796 0 0.041489
21.150000 0 0.014796 0 0.041489
21.200001 0 0.014796 0 0.041489
21.250000 0 0.014796 0 0.041489
21.299999 0 0.014796 0 0.041489
21.350000 0 0.014796 0 0.041489
21.400000 0 0.014796 0 0.041489
21.450001 0 0.014796 0 0.041489
21.500000 0 0.009655 0 0.025651
21.549999 0 0.009655 0 0.025651
21.600000 0 0.009655 0 0.025651
21.650000 0 0.009655 0 0.025651
21.700001 0 0.009655 0 0.025651
21.750000 0 0.009655 0 0.025651
21.799999 0 0.009655 0 0.025651
21.850000 0 0.009655 0 0.025651
21.900000 0 0.009655 0 0.025651
21.950001 0 0.009655 0 0.025651
22.000000 0 0.009655 0 0.025651
22.049999 0 0.011937 0 0.035454
22.100000 0 0.011937 0 0.035454
22.150000 0 0.011937 0 0.035454
22.200001 0 0.011937 0 0.035454
22.250000 0 0.011937 0 0.035454
22.299999 0 0.011937 0 0.035454
22.350000 0 0.011937 0 0.035454
22.400000 0 0.011937 0 0.035454
22.450001 0 0.011937 0 0.035454
22.500000 0 0.011937 0 0.035454
22.549999 0 0.011937 0 0.035454
22.600000 0 0.081877 0 0.185975
22.650000 0 0.081877 0 0.185975
22.700001 0 0.081877 0 0.185975
22.750000 0 0.081877 0 0.185975
22.799999 0 0.081877 0 0.185975
22.850000 0 0.081877 0 0.185975
22.900000 0 0.081877 0 0.185975
22.950001 0 0.081877 0 0.185975
23.000000 0 0.081877 0 0.185975
23.049999 0 0.081877 0 0.185975
23.100000 0 0.081877 0 0.185975
23.150000 0 0.065432 0 0.364711
23.200001 0 0.065432 0 0.364711
23.250000 0 0.065432 0 0.364711
23.299999 0 0.065432 0 0.364711
23.350000 0 0.065432 0 0.364711
23.400000 0 0.065432 0 0.364711
23.450001 0 0.065432 0 0.364711
23.500000 0 0.065432 0 0.364711
23.549999 0 0.065432 0 0.364711
23.600000 0 0.065432 0 0.364711
23.650000 0 0.065432 0 0.364711
23.700001 0 0.047319 0 0.162534
23.750000 0 0.047319 0 0.162534
23.799999 0 0.047319 0 0.162534
23.850000 0 0.047319 0 0.162534
23.900000 0 0.047319 0 0.162534
23.950001 0 0.047319 0 0.162534
24.000000 0 0.047319 0 0.162534
24.049999 0 0.047319 0 0.162534
24.100000 0 0.047319 0 0.162534
24.150000 0 0.047319 0 0.162534
24.200001 0 0.047319 0 0.162534
24.250000 0 0.052062 0 0.112642
24.299999 0 0.052062 0 0.112642
24.350000 0 0.052062 0 0.112642
24.400000 0 0.052062 0 0.112642
24.450001 0 0.052062 0 0.112642
24.500000 0 0.052062 0 0.112642
24.549999 0 0.052062 0 0.112642
24.600000 0 0.052062 0 0.112642
24.650000 0 0.052062 0 0.112642
24.700001 0 0.052062 0 0.112642
24.750000 0 0.052062 0 0.112642
24.799999 1 0.004152 1 0.012602
24.850000 1 0.004152 1 0.012602
24.900000 1 0.004152 1 0.012602
24.950001 1 0.004152 1 0.012602
25.000000 1 0.004152 1 0.012602
25.049999 1 0.004152 1 0.012602
25.100000 1 0.004152 1 0.012602
25.150000 1 0.004152 1 0.012602
25.200001 1 0.004152 1 0.012602
25.250000 1 0.004152 1 0.012602
25.299999 1 0.004152 1 0.012602
25.350000 1 0.001733 1 0.005923
25.400000 1 0.001733 1 0.005923
25.450001 1 0.001733 1 0.005923
25.500000 1 0.001733 1 0.005923
25.549999 1 0.001733 1 0.005923
25.600000 1 0.001733 1 0.005923
25.650000 1 0.001733 1 0.005923
25.700001 1 0.001733 1 0.005923
25.750000 1 0.001733 1 0.005923
25.799999 1 0.001733 1 0.005923
25.850000 1 0.001733 1 0.005923
25.900000 1 0.002120 1 0.005840
25.950001 1 0.002120 1 0.005840
26.000000 1 0.002120 1 0.005840
26.049999 1 0.002120 1 0.005840
26.100000 1 0.002120 1 0.005840
26.150000 1 0.002120 1 0.005840
26.200001 1 0.002120 1 0.005840
26.250000 1 0.002120 1 0.005840
26.299999 1 0.002120 1 0.005840
26.350000 1 0.002120 1 0.005840
26.400000 1 0.002120 1 0.005840
26.450001 1 0.003694 1 0.008628
26.500000 1 0.003694 1 0.008628
26.549999 1 0.003694 1 0.008628
26.600000 1 0.003694 1 0.008628
26.650000 1 0.003694 1 0.008628
26.700001 1 0.003694 1 0.008628
26.750000 1 0.003694 1 0.008628
26.799999 1 0.003694 1 0.008628
26.850000 1 0.003694 1 0.008628
26.900000 1 0.003694 1 0.008628
26.950001 1 0.003694 1 0.008628
27.000000 1 0.001922 1 0.005439
27.049999 1 0.001922 1 0.005439
27.100000 1 0.001922 1 0.005439
27.150000 1 0.001922 1 0.005439
27.200001 1 0.001922 1 0.005439
27.250000 1 0.001922 1 0.005439
27.299999 1 0.001922 1 0.005439
27.350000 1 0.001922 1 0.005439
27.400000 1 0.001922 1 0.005439
27.450001 1 0.001922 1 0.005439
27.500000 1 0.001922 1 0.005439
27.549999 1 0.001339 1 0.005232
27.600000 1 0.001339 1 0.005232
27.650000 1 0.001339 1 0.005232
27.700001 1 0.001339 1 0.005232
27.750000 1 0.001339 1 0.005232
27.799999 1 0.001339 1 0.005232
27.850000 1 0.001339 1 0.005232
27.900000 1 0.001339 1 0.005232
27.950001 1 0.001339 1 0.005232
28.000000 1 0.001339 1 0.005232
28.049999 1 0.001339 1 0.005232
28.100000 1 0.001909 1 0.005332
28.150000 1 0.001909 1 0.005332
28.200001 1 0.001909 1 0.005332
28.250000 1 0.001909 1 0.005332
28.299999 1 0.001909 1 0.005332
28.350000 1 0.001909 1 0.005332
28.400000 1 0.001909 1 0.005332
28.450001 1 0.001909 1 0.005332
28.500000 1 0.001909 1 0.005332
28.549999 1 0.001909 1 0.005332
28.600000 1 0.001909 1 0.005332
28.650000 1 0.002585 1 0.007845
28.700001 1 0.002585 1 0.007845
28.750000 1 0.002585 1 0.007845
28.799999 1 0.002585 1 0.007845
28.850000 1 0.002585 1 0.007845
28.900000 1 0.002585 1 0.007845
28.950001 1 0.002585 1 0.007845
29.000000 1 0.002585 1 0.007845
29.049999 1 0.002585 1 0.007845
29.100000 1 0.002585 1 0.007845
29.150000 1 0.002585 1 0.007845
29.200001 1 0.001558 1 0.005806
29.250000 1 0.001558 1 0.005806
29.299999 1 0.001558 1 0.005806
29.350000 1 0.001558 1 0.005806
29.400000 1 0.001558 1 0.005806
29.450001 1 0.001558 1 0.005806
29.500000 1 0.001558 1 0.005806
29.549999 1 0.001558 1 0.005806
29.600000 1 0.001558 1 0.005806
29.650000 1 0.001558 1 0.005806
29.700001 1 0.001558 1 0.005806
29.750000 1 0.002280 1 0.006894
29.799999 1 0.002280 1 0.006894
29.850000 1 0.002280 1 0.006894
29.900000 1 0.002280 1 0.006894
29.950001 1 0.002280 1 0.006894
30.000000 1 0.002280 1 0.006894
30.049999 1 0.002280 1 0.006894
30.100000 1 0.002280 1 0.006894
30.150000 1 0.002280 1 0.006894
30.200001 1 0.002280 1 0.006894
30.250000 1 0.002280 1 0.006894
30.299999 1 0.002174 1 0.007248
30.350000 1 0.002174 1 0.007248
30.400000 1 0.002174 1 0.007248
30.450001 1 0.002174 1 0.007248
30.500000 1 0.002174 1 0.007248
30.549999 1 0.002174 1 0.007248
30.600000 1 0.002174 1 0.007248
30.650000 1 0.002174 1 0.007248
30.700001 1 0.002174 1 0.007248
30.750000 1 0.002174 1 0.007248
30.799999 1 0.002174 1 0.007248
30.850000 0 0.008880 0 0.032091
30.900000 0 0.008880 0 0.032091
30.950001 0 0.008880 0 0.032091
31.000000 0 0.008880 0 0.032091
31.049999 0 0.008880 0 0.032091
31.100000 0 0.008880 0 0.032091
31.150000 0 0.008880 0 0.032091
31.200001 0 0.008880 0 0.032091
31.250000 0 0.008880 0 0.032091
31.299999 0 0.008880 0 0.032091
31.350000 0 0.008880 0 0.032091
31.400000 0 0.030583 0 0.345623
31.450001 0 0.030583 0 0.345623
31.500000 0 0.030583 0 0.345623
31.549999 0 0.030583 0 0.345623
31.600000 0 0.030583 0 0.345623
31.650000 0 0.030583 0 0.345623
31.700001 0 0.030583 0 0.345623
31.750000 0 0.030583 0 0.345623
31.799999 0 0.030583 0 0.345623
31.850000 0 0.030583 0 0.345623
31.900000 0 0.030583 0 0.345623
31.950001 0 0.045282 0 0.171407
32.000000 0 0.045282 0 0.171407
32.049999 0 0.045282 0 0.171407
32.099998 0 0.045282 0 0.171407
32.150002 0 0.045282 0 0.171407
32.200001 0 0.045282 0 0.171407
32.250000 0 0.045282 0 0.171407
32.299999 0 0.045282 0 0.171407
32.349998 0 0.045282 0 0.171407
32.400002 0 0.045282 0 0.171407
32.450001 0 0.045282 0 0.171407
32.500000 0 0.025003 0 0.162815
32.549999 0 0.025003 0 0.162815
32.599998 0 0.025003 0 0.162815
32.650002 0 0.025003 0 0.162815
32.700001 0 0.025003 0 0.162815
32.750000 0 0.025003 0 0.162815
32.799999 0 0.025003 0 0.162815
32.849998 0 0.025003 0 0.162815
32.900002 0 0.025003 0 0.162815
32.950001 0 0.025003 0 0.162815
33.000000 0 0.025003 0 0.162815
33.049999 0 0.018122 0 0.173118
33.099998 0 0.018122 0 0.173118
33.150002 0 0.018122 0 0.173118
33.200001 0 0.018122 0 0.173118
33.250000 0 0.018122 0 0.173118
33.299999 0 0.018122 0 0.173118
33.349998 0 0.018122 0 0.173118
33.400002 0 0.018122 0 0.173118
33.450001 0 0.018122 0 0.173118
33.500000 0 0.018122 0 0.173118
33.549999 0 0.018122 0 0.173118
33.599998 0 0.011974 0 0.022818
33.650002 0 0.011974 0 0.022818
33.700001 0 0.011974 0 0.022818
33.750000 0 0.011974 0 0.022818
33.799999 0 0.011974 0 0.022818
33.849998 0 0.011974 0 0.022818
33.900002 0 0.011974 0 0.022818
33.950001 0 0.011974 0 0.022818
34.000000 0 0.011974 0 0.022818
34.049999 0 0.011974 0 0.022818
34.099998 0 0.011974 0 0.022818
34.150002 1 0.002556 1 0.003992
34.200001 1 0.002556 1 0.003992
34.250000 1 0.002556 1 0.003992
34.299999 1 0.002556 1 0.003992
34.349998 1 0.002556 1 0.003992
34.400002 1 0.002556 1 0.003992
34.450001 1 0.002556 1 0.003992
34.500000 1 0.002556 1 0.003992
34.549999 1 0.002556 1 0.003992
34.599998 1 0.002556 1 0.003992
34.650002 1 0.002556 1 0.003992
34.700001 1 0.001938 1 0.006011
34.750000 1 0.001938 1 0.006011
34.799999 1 0.001938 1 0.006011
34.849998 1 0.001938 1 0.006011
34.900002 1 0.001938 1 0.006011
34.950001 1 0.001938 1 0.006011
35.000000 1 0.001938 1 0.006011
35.049999 1 0.001938 1 0.006011
35.099998 1 0.001938 1 0.006011
35.150002 1 0.001938 1 0.006011
35.200001 1 0.001938 1 0.006011
35.250000 1 0.003053 1 0.005197
35.299999 1 0.003053 1 0.005197
35.349998 1 0.003053 1 0.005197
35.400002 1 0.003053 1 0.005197
35.450001 1 0.003053 1 0.005197
35.500000 1 0.003053 1 0.005197
35.549999 1 0.003053 1 0.005197
35.599998 1 0.003053 1 0.005197
35.650002 1 0.003053 1 0.005197
35.700001 1 0.003053 1 0.005197
35.750000 1 0.003053 1 0.005197
35.799999 1 0.001752 1 0.004068
35.849998 1 0.001752 1 0.004068
35.900002 1 0.001752 1 0.004068
35.950001 1 0.001752 1 0.004068
36.000000 1 0.001752 1 0.004068
36.049999 1 0.001752 1 0.004068
36.099998 1 0.001752 1 0.004068
36.150002 1 0.001752 1 0.004068
36.200001 1 0.001752 1 0.004068
36.250000 1 0.001752 1 0.004068
36.299999 1 0.001752 1 0.004068
36.349998 1 0.004340 1 0.008548
36.400002 1 0.004340 1 0.008548
36.450001 1 0.004340 1 0.008548
36.500000 1 0.004340 1 0.008548
36.549999 1 0.004340 1 0.008548
36.599998 1 0.004340 1 0.008548
36.650002 1 0.004340 1 0.008548
36.700001 1 0.004340 1 0.008548
36.750000 1 0.004340 1 0.008548
36.799999 1 0.004340 1 0.008548
36.849998 1 0.004340 1 0.008548
36.900002 1 0.005636 0 0.028131
36.950001 1 0.005636 0 0.028131
37.000000 1 0.005636 0 0.028131
37.049999 1 0.005636 0 0.028131
37.099998 1 0.005636 0 0.028131
37.150002 1 0.005636 0 0.028131
37.200001 1 0.005636 0 0.028131
37.250000 1 0.005636 0 0.028131
37.299999 1 0.005636 0 0.028131
37.349998 1 0.005636 0 0.028131
37.400002 1 0.005636 0 0.028131
37.450001 0 0.033962 0 0.593357
37.500000 0 0.033962 0 0.593357
37.549999 0 0.033962 0 0.593357
37.599998 0 0.033962 0 0.593357
37.650002 0 0.033962 0 0.593357
37.700001 0 0.033962 0 0.593357
37.750000 0 0.033962 0 0.593357
37.799999 0 0.033962 0 0.593357
37.849998 0 0.033962 0 0.593357
37.900002 0 0.033962 0 0.593357
37.950001 0 0.033962 0 0.593357
38.000000 0 0.017935 0 0.385362
38.049999 0 0.017935 0 0.385362
38.099998 0 0.017935 0 0.385362
38.150002 0 0.017935 0 0.385362
38.200001 0 0.017935 0 0.385362
38.250000 0 0.017935 0 0.385362
38.299999 0 0.017935 0 0.385362
38.349998 0 0.017935 0 0.385362
38.400002 0 0.017935 0 0.385362
38.450001 0 0.017935 0 0.385362
38.500000 0 0.017935 0 0.385362
38.549999 0 0.014204 0 0.335497
38.599998 0 0.014204 0 0.335497
38.650002 0 0.014204 0 0.335497
38.700001 0 0.014204 0 0.335497
38.750000 0 0.014204 0 0.335497
38.799999 0 0.014204 0 0.335497
38.849998 0 0.014204 0 0.335497
38.900002 0 0.014204 0 0.335497
38.950001 0 0.014204 0 0.335497
39.000000 0 0.014204 0 0.335497
39.049999 0 0.014204 0 0.335497
39.099998 1 0.004175 1 0.010554
39.150002 1 0.004175 1 0.010554
39.200001 1 0.004175 1 0.010554
39.250000 1 0.004175 1 0.010554
39.299999 1 0.004175 1 0.010554
39.349998 1 0.004175 1 0.010554
39.400002 1 0.004175 1 0.010554
39.450001 1 0.004175 1 0.010554
39.500000 1 0.004175 1 0.010554
39.549999 1 0.004175 1 0.010554
39.599998 1 0.004175 1 0.010554
39.650002 1 0.003226 1 0.004434
39.700001 1 0.003226 1 0.004434
39.750000 1 0.003226 1 0.004434
39.799999 1 0.003226 1 0.004434
39.849998 1 0.003226 1 0.004434
39.900002 1 0.003226 1 0.004434
39.950001 1 0.003226 1 0.004434
40.000000 1 0.003226 1 0.004434
40.049999 1 0.003226 1 0.004434
40.099998 1 0.003226 1 0.004434
40.150002 1 0.003226 1 0.004434
40.200001 1 0.001935 1 0.003951
40.250000 1 0.001935 1 0.003951
40.299999 1 0.001935 1 0.003951
40.349998 1 0.001935 1 0.003951
40.400002 1 0.001935 1 0.003951
40.450001 1 0.001935 1 0.003951
40.500000 1 0.001935 1 0.003951
40.549999 1 0.001935 1 0.003951
40.599998 1 0.001935 1 0.003951
40.650002 1 0.001935 1 0.003951
40.700001 1 0.001935 1 0.003951
40.750000 1 0.003136 1 0.003953
40.799999 1 0.003136 1 0.003953
40.849998 1 0.003136 1 0.003953
40.900002 1 0.003136 1 0.003953
40.950001 1 0.003136 1 0.003953
41.000000 1 0.003136 1 0.003953
41.049999 1 0.003136 1 0.003953
41.099998 1 0.003136 1 0.003953
41.150002 1 0.003136 1 0.003953
41.200001 1 0.003136 1 0.003953
41.250000 1 0.003136 1 0.003953
41.299999 1 0.002332 1 0.004873
41.349998 1 0.002332 1 0.004873
41.400002 1 0.002332 1 0.004873
41.450001 1 0.002332 1 0.004873
41.500000 1 0.002332 1 0.004873
41.549999 1 0.002332 1 0.004873
41.599998 1 0.002332 1 0.004873
41.650002 1 0.002332 1 0.004873
41.700001 1 0.002332 1 0.004873
41.750000 1 0.002332 1 0.004873
41.799999 1 0.002332 1 0.004873
41.849998 1 0.003155 1 0.006261
41.900002 1 0.003155 1 0.006261
41.950001 1 0.003155 1 0.006261
42.000000 1 0.003155 1 0.006261
42.049999 1 0.003155 1 0.006261
42.099998 1 0.003155 1 0.006261
42.150002 1 0.003155 1 0.006261
42.200001 1 0.003155 1 0.006261
42.250000 1 0.003155 1 0.006261
42.299999 1 0.003155 1 0.006261
42.349998 1 0.003155 1 0.006261
42.400002 1 0.004036 0 0.020220
42.450001 1 0.004036 0 0.020220
42.500000 1 0.004036 0 0.020220
42.549999 1 0.004036 0 0.020220
42.599998 1 0.004036 0 0.020220
42.650002 1 0.004036 0 0.020220
42.700001 1 0.004036 0 0.020220
42.750000 1 0.004036 0 0.020220
42.799999 1 0.004036 0 0.020220
42.849998 1 0.004036 0 0.020220
42.900002 1 0.004036 0 0.020220
42.950001 0 0.198421 0 0.789655
43.000000 0 0.198421 0 0.789655
43.049999 0 0.198421 0 0.789655
43.099998 0 0.198421 0 0.789655
43.150002 0 0.198421 0 0.789655
43.200001 0 0.198421 0 0.789655
43.250000 0 0.198421 0 0.789655
43.299999 0 0.198421 0 0.789655
43.349998 0 0.198421 0 0.789655
43.400002 0 0.198421 0 0.789655
43.450001 0 0.198421 0 0.789655
43.500000 0 0.428516 0 0.662691
43.549999 0 0.428516 0 0.662691
43.599998 0 0.428516 0 0.662691
43.650002 0 0.428516 0 0.662691
43.700001 0 0.428516 0 0.662691
43.750000 0 0.428516 0 0.662691
43.799999 0 0.428516 0 0.662691
43.849998 0 0.428516 0 0.662691
43.900002 0 0.428516 0 0.662691
43.950001 0 0.428516 0 0.662691
44.000000 0 0.428516 0 0.662691
44.049999 0 0.122644 0 0.249723
44.099998 0 0.122644 0 0.249723
44.150002 0 0.122644 0 0.249723
44.200001 0 0.122644 0 0.249723
44.250000 0 0.122644 0 0.249723
44.299999 0 0.122644 0 0.249723
44.349998 0 0.122644 0 0.249723
44.400002 0 0.122644 0 0.249723
44.450001 0 0.122644 0 0.249723
44.500000 0 0.122644 0 0.249723
44.549999 0 0.122644 0 0.249723
44.599998 0 0.016440 0 0.056234
44.650002 0 0.016440 0 0.056234
44.700001 0 0.016440 0 0.056234
44.750000 0 0.016440 0 0.056234
44.799999 0 0.016440 0 0.056234
44.849998 0 0.016440 0 0.056234
44.900002 0 0.016440 0 0.056234
44.950001 0 0.016440 0 0.056234
45.000000 0 0.016440 0 0.056234
45.049999 0 0.016440 0 0.056234
45.099998 0 0.016440 0 0.056234
45.150002 1 0.008311 0 0.020012
45.200001 1 0.008311 0 0.020012
45.250000 1 0.008311 0 0.020012
45.299999 1 0.008311 0 0.020012
45.349998 1 0.008311 0 0.020012
45.400002 1 0.008311 0 0.020012
45.450001 1 0.008311 0 0.020012
45.500000 1 0.008311 0 0.020012
45.549999 1 0.008311 0 0.020012
45.599998 1 0.008311 0 0.020012
45.650002 1 0.008311 0 0.020012
45.700001 0 0.009563 0 0.031729
45.750000 0 0.009563 0 0.031729
45.799999 0 0.009563 0 0.031729
45.849998 0 0.009563 0 0.031729
45.900002 0 0.009563 0 0.031729
45.950001 0 0.009563 0 0.031729
46.000000 0 0.009563 0 0.031729
46.049999 0 0.009563 0 0.031729
46.099998 0 0.009563 0 0.031729
46.150002 0 0.009563 0 0.031729
46.200001 0 0.009563 0 0.031729
46.250000 0 0.010613 0 0.050867
46.299999 0 0.010613 0 0.050867
46.349998 0 0.010613 0 0.050867
46.400002 0 0.010613 0 0.050867
46.450001 0 0.010613 0 0.050867
46.500000 0 0.010613 0 0.050867
46.549999 0 0.010613 0 0.050867
46.599998 0 0.010613 0 0.050867
46.650002 0 0.010613 0 0.050867
46.700001 0 0.010613 0 0.050867
46.750000 0 0.010613 0 0.050867
46.799999 1 0.005098 0 0.023076
46.849998 1 0.005098 0 0.023076
46.900002 1 0.005098 0 0.023076
46.950001 1 0.005098 0 0.023076
47.000000 1 0.005098 0 0.023076
47.049999 1 0.005098 0 0.023076
47.099998 1 0.005098 0 0.023076
47.150002 1 0.005098 0 0.023076
47.200001 1 0.005098 0 0.023076
47.250000 1 0.005098 0 0.023076
47.299999 1 0.005098 0 0.023076
47.349998 1 0.006915 0 0.028129
47.400002 1 0.006915 0 0.028129
47.450001 1 0.006915 0 0.028129
47.500000 1 0.006915 0 0.028129
47.549999 1 0.006915 0 0.028129
47.599998 1 0.006915 0 0.028129
47.650002 1 0.006915 0 0.028129
47.700001 1 0.006915 0 0.028129
47.750000 1 0.006915 0 0.028129
47.799999 1 0.006915 0 0.028129
47.849998 1 0.006915 0 0.028129
47.900002 0 0.062782 0 0.293364
47.950001 0 0.062782 0 0.293364
48.000000 0 0.062782 0 0.293364
48.049999 0 0.062782 0 0.293364
48.099998 0 0.062782 0 0.293364
48.150002 0 0.062782 0 0.293364
48.200001 0 0.062782 0 0.293364
48.250000 0 0.062782 0 0.293364
48.299999 0 0.062782 0 0.293364
48.349998 0 0.062782 0 0.293364
48.400002 0 0.062782 0 0.293364
48.450001 0 0.303933 0 0.434258
48.500000 0 0.303933 0 0.434258
48.549999 0 0.303933 0 0.434258
48.599998 0 0.303933 0 0.434258
48.650002 0 0.303933 0 0.434258
48.700001 0 0.303933 0 0.434258
48.750000 0 0.303933 0 0.434258
48.799999 0 0.303933 0 0.434258
48.849998 0 0.303933 0 0.434258
48.900002 0 0.303933 0 0.434258
48.950001 0 0.303933 0 0.434258
49.000000 0 0.263976 0 0.461363
49.049999 0 0.263976 0 0.461363
49.099998 0 0.263976 0 0.461363
49.150002 0 0.263976 0 0.461363
49.200001 0 0.263976 0 0.461363
49.250000 0 0.263976 0 0.461363
49.299999 0 0.263976 0 0.461363
49.349998 0 0.263976 0 0.461363
49.400002 0 0.263976 0 0.461363
49.450001 0 0.263976 0 0.461363
49.500000 0 0.263976 0 0.461363
49.549999 0 0.035969 0 0.266239
49.599998 0 0.035969 0 0.266239
49.650002 0 0.035969 0 0.266239
49.700001 0 0.035969 0 0.266239
49.750000 0 0.035969 0 0.266239
49.799999 0 0.035969 0 0.266239
49.849998 0 0.035969 0 0.266239
49.900002 0 0.035969 0 0.266239
49.950001 0 0.035969 0 0.266239
50.000000 0 0.035969 0 0.266239
50.049999 0 0.035969 0 0.266239
50.099998 1 0.001776 1 0.005885
50.150002 1 0.001776 1 0.005885
50.200001 1 0.001776 1 0.005885
50.250000 1 0.001776 1 0.005885
50.299999 1 0.001776 1 0.005885
50.349998 1 0.001776 1 0.005885
50.400002 1 0.001776 1 0.005885
50.450001 1 0.001776 1 0.005885
50.500000 1 0.001776 1 0.005885
50.549999 1 0.001776 1 0.005885
50.599998 1 0.001776 1 0.005885
50.650002 1 0.001986 1 0.005747
50.700001 1 0.001986 1 0.005747
50.750000 1 0.001986 1 0.005747
50.799999 1 0.001986 1 0.005747
50.849998 1 0.001986 1 0.005747
50.900002 1 0.001986 1 0.005747
50.950001 1 0.001986 1 0.005747
51.000000 1 0.001986 1 0.005747
51.049999 1 0.001986 1 0.005747
51.099998 1 0.001986 1 0.005747
51.150002 1 0.001986 1 0.005747
51.200001 1 0.003209 1 0.003912
51.250000 1 0.003209 1 0.003912
51.299999 1 0.003209 1 0.003912
51.349998 1 0.003209 1 0.003912
51.400002 1 0.003209 1 0.003912
51.450001 1 0.003209 1 0.003912
51.500000 1 0.003209 1 0.003912
51.549999 1 0.003209 1 0.003912
51.599998 1 0.003209 1 0.003912
51.650002 1 0.003209 1 0.003912
51.700001 1 0.003209 1 0.003912
51.750000 1 0.003654 1 0.005191
51.799999 1 0.003654 1 0.005191
51.849998 1 0.003654 1 0.005191
51.900002 1 0.003654 1 0.005191
51.950001 1 0.003654 1 0.005191
52.000000 1 0.003654 1 0.005191
52.049999 1 0.003654 1 0.005191
52.099998 1 0.003654 1 0.005191
52.150002 1 0.003654 1 0.005191
52.200001 1 0.003654 1 0.005191
52.250000 1 0.003654 1 0.005191
52.299999 1 0.001612 1 0.004560
52.349998 1 0.001612 1 0.004560
52.400002 1 0.001612 1 0.004560
52.450001 1 0.001612 1 0.004560
52.500000 1 0.001612 1 0.004560
52.549999 1 0.001612 1 0.004560
52.599998 1 0.001612 1 0.004560
52.650002 1 0.001612 1 0.004560
52.700001 1 0.001612 1 0.004560
52.750000 1 0.001612 1 0.004560
52.799999 1 0.001612 1 0.004560
52.849998 0 0.022695 0 0.185292
52.900002 0 0.022695 0 0.185292
52.950001 0 0.022695 0 0.185292
53.000000 0 0.022695 0 0.185292
53.049999 0 0.022695 0 0.185292
53.099998 0 0.022695 0 0.185292
53.150002 0 0.022695 0 0.185292
53.200001 0 0.022695 0 0.185292
53.250000 0 0.022695 0 0.185292
53.299999 0 0.022695 0 0.185292
53.349998 0 0.022695 0 0.185292
53.400002 0 0.418661 0 0.632152
53.450001 0 0.418661 0 0.632152
53.500000 0 0.418661 0 0.632152
53.549999 0 0.418661 0 0.632152
53.599998 0 0.418661 0 0.632152
53.650002 0 0.418661 0 0.632152
53.700001 0 0.418661 0 0.632152
53.750000 0 0.418661 0 0.632152
53.799999 0 0.418661 0 0.632152
53.849998 0 0.418661 0 0.632152
53.900002 0 0.418661 0 0.632152
53.950001 0 0.308694 0 0.813601
54.000000 0 0.308694 0 0.813601
54.049999 0 0.308694 0 0.813601
54.099998 0 0.308694 0 0.813601
54.150002 0 0.308694 0 0.813601
54.200001 0 0.308694 0 0.813601
54.250000 0 0.308694 0 0.813601
54.299999 0 0.308694 0 0.813601
54.349998 0 0.308694 0 0.813601
54.400002 0 0.308694 0 0.813601
54.450001 0 0.308694 0 0.813601
54.500000 0 0.008900 0 0.058408
54.549999 0 0.008900 0 0.058408
54.599998 0 0.008900 0 0.058408
54.650002 0 0.008900 0 0.058408
54.700001 0 0.008900 0 0.058408
54.750000 0 0.008900 0 0.058408
54.799999 0 0.008900 0 0.058408
54.849998 0 0.008900 0 0.058408
54.900002 0 0.008900 0 0.058408
54.950001 0 0.008900 0 0.058408
55.000000 0 0.008900 0 0.058408
55.049999 1 0.002580 1 0.013345
55.099998 1 0.002580 1 0.013345
55.150002 1 0.002580 1 0.013345
55.200001 1 0.002580 1 0.013345
55.250000 1 0.002580 1 0.013345
55.299999 1 0.002580 1 0.013345
55.349998 1 0.002580 1 0.013345
55.400002 1 0.002580 1 0.013345
55.450001 1 0.002580 1 0.013345
55.500000 1 0.002580 1 0.013345
55.549999 1 0.002580 1 0.013345
55.599998 1 0.005438 0 0.023201
55.650002 1 0.005438 0 0.023201
55.700001 1 0.005438 0 0.023201
55.750000 1 0.005438 0 0.023201
55.799999 1 0.005438 0 0.023201
55.849998 1 0.005438 0 0.023201
55.900002 1 0.005438 0 0.023201
55.950001 1 0.005438 0 0.023201
56.000000 1 0.005438 0 0.023201
56.049999 1 0.005438 0 0.023201
56.099998 1 0.005438 0 0.023201
56.150002 1 0.003218 1 0.011994
56.200001 1 0.003218 1 0.011994
56.250000 1 0.003218 1 0.011994
56.299999 1 0.003218 1 0.011994
56.349998 1 0.003218 1 0.011994
56.400002 1 0.003218 1 0.011994
56.450001 1 0.003218 1 0.011994
56.500000 1 0.003218 1 0.011994
56.549999 1 0.003218 1 0.011994
56.599998 1 0.003218 1 0.011994
56.650002 1 0.003218 1 0.011994
56.700001 1 0.004547 1 0.008178
56.750000 1 0.004547 1 0.008178
56.799999 1 0.004547 1 0.008178
56.849998 1 0.004547 1 0.008178
56.900002 1 0.004547 1 0.008178
56.950001 1 0.004547 1 0.008178
57.000000 1 0.004547 1 0.008178
57.049999 1 0.004547 1 0.008178
57.099998 1 0.004547 1 0.008178
57.150002 1 0.004547 1 0.008178
57.200001 1 0.004547 1 0.008178
57.250000 0 0.008647 0 0.024032
57.299999 0 0.008647 0 0.024032
57.349998 0 0.008647 0 0.024032
57.400002 0 0.008647 0 0.024032
57.450001 0 0.008647 0 0.024032
57.500000 0 0.008647 0 0.024032
57.549999 0 0.008647 0 0.024032
57.599998 0 0.008647 0 0.024032
57.650002 0 0.008647 0 0.024032
57.700001 0 0.008647 0 0.024032
57.750000 0 0.008647 0 0.024032
57.799999 0 0.008760 0 0.123556
57.849998 0 0.008760 0 0.123556
57.900002 0 0.008760 0 0.123556
57.950001 0 0.008760 0 0.123556
58.000000 0 0.008760 0 0.123556
58.049999 0 0.008760 0 0.123556
58.099998 0 0.008760 0 0.123556
58.150002 0 0.008760 0 0.123556
58.200001 0 0.008760 0 0.123556
58.250000 0 0.008760 0 0.123556
58.299999 0 0.008760 0 0.123556
58.349998 0 0.245573 0 0.489020
58.400002 0 0.245573 0 0.489020
58.450001 0 0.245573 0 0.489020
58.500000 0 0.245573 0 0.489020
58.549999 0 0.245573 0 0.489020
58.599998 0 0.245573 0 0.489020
58.650002 0 0.245573 0 0.489020
58.700001 0 0.245573 0 0.489020
58.750000 0 0.245573 0 0.489020
58.799999 0 0.245573 0 0.489020
58.849998 0 0.245573 0 0.489020
58.900002 0 0.362461 0 0.496262
58.950001 0 0.362461 0 0.496262
59.000000 0 0.362461 0 0.496262
59.049999 0 0.362461 0 0.496262
59.099998 0 0.362461 0 0.496262
59.150002 0 0.362461 0 0.496262
59.200001 0 0.362461 0 0.496262
59.250000 0 0.362461 0 0.496262
59.299999 0 0.362461 0 0.496262
59.349998 0 0.362461 0 0.496262
59.400002 0 0.362461 0 0.496262
59.450001 0 0.052191 0 0.641413
59.500000 0 0.052191 0 0.641413
59.549999 0 0.052191 0 0.641413
59.599998 0 0.052191 0 0.641413
59.650002 0 0.052191 0 0.641413
59.700001 0 0.052191 0 0.641413
59.750000 0 0.052191 0 0.641413
59.799999 0 0.052191 0 0.641413
59.849998 0 0.052191 0 0.641413
59.900002 0 0.052191 0 0.641413
59.950001 0 0.052191 0 0.641413
60.000000 1 0.002696 1 0.003539
60.049999 1 0.002696 1 0.003539
60.099998 1 0.002696 1 0.003539
60.150002 1 0.002696 1 0.003539
60.200001 1 0.002696 1 0.003539
60.250000 1 0.002696 1 0.003539
60.299999 1 0.002696 1 0.003539
60.349998 1 0.002696 1 0.003539
60.400002 1 0.002696 1 0.003539
60.450001 1 0.002696 1 0.003539
60.500000 1 0.002696 1 0.003539
60.549999 1 0.001959 1 0.004113
60.599998 1 0.001959 1 0.004113
60.650002 1 0.001959 1 0.004113
60.700001 1 0.001959 1 0.004113
60.750000 1 0.001959 1 0.004113
60.799999 1 0.001959 1 0.004113
60.849998 1 0.001959 1 0.004113
60.900002 1 0.001959 1 0.004113
60.950001 1 0.001959 1 0.004113
61.000000 1 0.001959 1 0.004113
61.049999 1 0.001959 1 0.004113
61.099998 1 0.002456 1 0.006403
61.150002 1 0.002456 1 0.006403
61.200001 1 0.002456 1 0.006403
61.250000 1 0.002456 1 0.006403
61.299999 1 0.002456 1 0.006403
61.349998 1 0.002456 1 0.006403
61.400002 1 0.002456 1 0.006403
61.450001 1 0.002456 1 0.006403
61.500000 1 0.002456 1 0.006403
61.549999 1 0.002456 1 0.006403
61.599998 1 0.002456 1 0.006403
61.650002 1 0.002695 1 0.005958
61.700001 1 0.002695 1 0.005958
61.750000 1 0.002695 1 0.005958
61.799999 1 0.002695 1 0.005958
61.849998 1 0.002695 1 0.005958
61.900002 1 0.002695 1 0.005958
61.950001 1 0.002695 1 0.005958
62.000000 1 0.002695 1 0.005958
62.049999 1 0.002695 1 0.005958
62.099998 1 0.002695 1 0.005958
62.150002 1 0.002695 1 0.005958
